1614653078 0 0 0 0 1 0 0 0 0 0 0 0 0 0
1614653928 1 0 0 0 1 0 0 0 0 0 0 0 0 0
1614654038 2 0 0 0 1 0 0 0 0 0 0 0 0 0
1614654160 3 0 0 0 1 0 0 0 0 0 0 0 0 0
1614654227 4 0 0 0 1 0 0 0 0 0 0 0 0 0
1614654364 5 0 0 0 1 0 0 0 0 0 0 0 0 0
1614678343 6 0 0 0 1 0 0 0 0 0 0 0 0 0
1614760868 7 0 0 0 1 0 0 0 0 0 0 0 0 0
1614761859 8 0 0 0 1 0 0 0 0 0 0 0 0 0
1614762196 9 0 0 0 1 0 0 0 0 0 0 0 0 0
1614762472 10 0 0 0 1 0 0 0 0 0 0 0 0 0
1614764886 11 0 0 0 1 0 0 0 0 0 0 0 0 0
1614764930 12 0 0 0 1 0 0 0 0 0 0 0 0 0
1614817831 13 0 0 0 1 0 0 0 0 0 0 0 0 0
1614825653 14 0 0 0 1 0 0 0 0 0 0 0 0 0
1614829320 15 0 0 0 1 0 0 0 0 0 0 0 0 0
1614838153 16 0 0 0 1 0 0 0 0 0 0 0 0 0
1614845932 17 0 0 0 1 0 0 0 0 0 0 0 0 0
1614850019 18 0 0 0 1 0 0 0 0 0 0 0 0 0
1614850116 19 0 0 0 1 0 0 0 0 0 0 0 0 0
1614934566 20 0 0 0 1 0 0 0 0 0 0 0 0 0
1615205562 21 0 0 0 1 0 0 0 0 0 0 0 0 0
1615205662 22 0 0 0 1 0 0 0 0 0 0 0 0 0
1615253305 23 0 0 0 1 0 0 0 0 0 0 0 0 0
1615266796 24 0 0 0 1 0 0 0 0 0 0 0 0 0
1615271041 25 0 0 0 1 0 0 0 0 0 0 0 0 0
1615271871 26 0 0 0 1 0 0 0 0 0 0 0 0 0
1615338896 27 0 0 0 1 0 0 0 0 0 0 0 0 0
1615344395 28 0 0 0 1 0 0 0 0 0 0 0 0 0
1615345399 29 0 0 0 1 0 0 0 0 0 0 0 0 0
1615345963 30 0 0 0 1 0 0 0 0 0 0 0 0 0
1615355473 31 0 0 0 1 0 0 0 0 0 0 0 0 0
1615384161 32 0 0 0 1 0 0 0 0 0 0 0 0 0
1615777531 33 0 0 0 1 0 0 0 0 0 0 0 0 0
1615951281 34 0 0 0 1 0 0 0 0 0 0 0 0 0
1616552155 35 0 0 0 1 0 0 0 0 0 0 0 0 0
1616569188 36 0 0 0 1 0 0 0 0 0 0 0 0 0
1616727625 37 0 0 0 1 0 0 0 0 0 0 0 0 0
1616731418 38 0 0 0 1 0 0 0 0 0 0 0 0 0
1617095929 39 0 0 0 1 0 0 0 0 0 0 0 0 0
1617184485 40 0 0 0 1 0 0 0 0 0 0 0 0 0
1617185030 41 0 0 0 1 0 0 0 0 0 0 0 0 0
1617185072 42 0 0 0 1 0 0 0 0 0 0 0 0 0
1617676924 43 0 0 0 1 0 0 0 0 0 0 0 0 0
1617876411 44 0 0 0 1 0 0 0 0 0 0 0 0 0
1617876477 45 0 0 0 1 0 0 0 0 0 0 0 0 0
1618206646 46 0 0 0 1 0 0 0 0 0 0 0 0 0
1618206739 47 0 0 0 1 0 0 0 0 0 0 0 0 0
1618206769 48 0 0 0 1 0 0 0 0 0 0 0 0 0
1618220060 49 0 0 0 1 0 0 0 0 0 0 0 0 0
1618220752 50 0 0 0 1 0 0 0 0 0 0 0 0 0
1618302514 51 0 0 0 1 0 0 0 0 0 0 0 0 0
1618303149 52 0 0 0 1 0 0 0 0 0 0 0 0 0
1618304015 53 0 0 0 1 0 0 0 0 0 0 0 0 0
1618376178 54 0 0 0 1 0 0 0 0 0 0 0 0 0
1618485688 55 0 0 0 1 0 0 0 0 0 0 0 0 0
1618486696 56 0 0 0 1 0 0 0 0 0 0 0 0 0
1618561050 57 0 0 0 1 0 0 0 0 0 0 0 0 0
1618561931 58 0 0 0 1 0 0 0 0 0 0 0 0 0
1618822841 59 0 0 0 1 0 0 0 0 0 0 0 0 0
1618826598 60 0 0 0 1 0 0 0 0 0 0 0 0 0
1618827960 61 0 0 0 1 0 0 0 0 0 0 0 0 0
1618884914 62 0 0 0 1 0 0 0 0 0 0 0 0 0
1618886682 63 0 0 0 1 0 0 0 0 0 0 0 0 0
1618912291 64 0 0 0 1 0 0 0 0 0 0 0 0 0
1618999231 65 0 0 0 1 0 0 0 0 0 0 0 0 0
1619174213 66 0 0 0 1 0 0 0 0 0 0 0 0 0
1619174222 67 0 0 0 1 0 0 0 0 0 0 0 0 0
1619174405 68 0 0 0 1 0 0 0 0 0 0 0 0 0
1619485738 69 0 0 0 1 0 0 0 0 0 0 0 0 0
1619510715 70 0 0 0 1 0 0 0 0 0 0 0 0 0
1619510800 71 0 0 0 1 0 0 0 0 0 0 0 0 0
1619603386 72 0 0 0 1 0 0 0 0 0 0 0 0 0
1619605892 73 0 0 0 1 0 0 0 0 0 0 0 0 0
1619665225 74 0 0 0 1 0 0 0 0 0 0 0 0 0
1619682408 75 0 0 0 1 0 0 0 0 0 0 0 0 0
1620445172 76 0 0 0 1 0 0 0 0 0 0 0 0 0
1620461283 77 0 0 0 1 0 0 0 0 0 0 0 0 0
1620461352 78 0 0 0 1 0 0 0 0 0 0 0 0 0
1620463060 79 0 0 0 1 0 0 0 0 0 0 0 0 0
1620467072 80 0 0 0 1 0 0 0 0 0 0 0 0 0
1620811082 81 0 0 0 1 0 0 0 0 0 0 0 0 0
1620811339 82 0 0 0 1 0 0 0 0 0 0 0 0 0
1620811930 83 0 0 0 1 0 0 0 0 0 0 0 0 0
1620812201 84 0 0 0 1 0 0 0 0 0 0 0 0 0
1620813656 85 0 0 0 1 0 0 0 0 0 0 0 0 0
1620900400 86 0 0 0 1 0 0 0 0 0 0 0 0 0
1621327401 87 0 0 0 1 0 0 0 0 0 0 0 0 0
1621327465 88 0 0 0 1 0 0 0 0 0 0 0 0 0
1621572481 89 0 0 0 1 0 0 0 0 0 0 0 0 0
1621582995 90 0 0 0 1 0 0 0 0 0 0 0 0 0
1621592300 91 0 0 0 1 0 0 0 0 0 0 0 0 0
1621859319 92 0 0 0 1 0 0 0 0 0 0 0 0 0
1621912851 93 0 0 0 1 0 0 0 0 0 0 0 0 0
1622025146 94 0 0 0 1 0 0 0 0 0 0 0 0 0
1622026714 95 0 0 0 1 0 0 0 0 0 0 0 0 0
1622028235 96 0 0 0 1 0 0 0 0 0 0 0 0 0
1622114425 97 0 0 0 1 0 0 0 0 0 0 0 0 0
1622114475 98 0 0 0 1 0 0 0 0 0 0 0 0 0
1622116993 99 0 0 0 1 0 0 0 0 0 0 0 0 0
1622162873 100 0 0 0 1 0 0 0 0 0 0 0 0 0
1622204511 101 0 0 0 1 0 0 0 0 0 0 0 0 0
1622204521 102 0 0 0 1 0 0 0 0 0 0 0 0 0
1622204561 103 0 0 0 1 0 0 0 0 0 0 0 0 0
1622445332 104 0 0 0 1 0 0 0 0 0 0 0 0 0
1622448761 105 0 0 0 1 0 0 0 0 0 0 0 0 0
1622454843 106 0 0 0 1 0 0 0 0 0 0 0 0 0
1622612478 107 0 0 0 1 0 0 0 0 0 0 0 0 0
1622709775 108 0 0 0 1 0 0 0 0 0 0 0 0 0
1623143402 109 0 0 0 1 0 0 0 0 0 0 0 0 0
1623143534 110 0 0 0 1 0 0 0 0 0 0 0 0 0
1623405653 111 0 0 0 1 0 0 0 0 0 0 0 0 0
1623405723 112 0 0 0 1 0 0 0 0 0 0 0 0 0
1623749681 113 0 0 0 1 0 0 0 0 0 0 0 0 0
1623837059 114 0 0 0 1 0 0 0 0 0 0 0 0 0
1623837183 115 0 0 0 1 0 0 0 0 0 0 0 0 0
1623895172 116 0 0 0 1 0 0 0 0 0 0 0 0 0
1623919864 117 0 0 0 1 0 0 0 0 0 0 0 0 0
1623995374 118 0 0 0 1 0 0 0 0 0 0 0 0 0
1624009098 119 0 0 0 1 0 0 0 0 0 0 0 0 0
1624326094 120 0 0 0 1 0 0 0 0 0 0 0 0 0
1624341207 121 0 0 0 1 0 0 0 0 0 0 0 0 0
1624361932 122 0 0 0 1 0 0 0 0 0 0 0 0 0
1624434787 123 0 0 0 1 0 0 0 0 0 0 0 0 0
1624874243 124 0 0 0 1 0 0 0 0 0 0 0 0 0
1624956721 125 0 0 0 1 0 0 0 0 0 0 0 0 0
1625023150 126 0 0 0 1 0 0 0 0 0 0 0 0 0
1625046361 127 0 0 0 1 0 0 0 0 0 0 0 0 0
1625050694 128 0 0 0 1 0 0 0 0 0 0 0 0 0
1625135250 129 0 0 0 1 0 0 0 0 0 0 0 0 0
1625135381 130 0 0 0 1 0 0 0 0 0 0 0 0 0
1625224365 131 0 0 0 1 0 0 0 0 0 0 0 0 0
1625539118 132 0 0 0 1 0 0 0 0 0 0 0 0 0
1625550601 133 0 0 0 1 0 0 0 0 0 0 0 0 0
1625564782 134 0 0 0 1 0 0 0 0 0 0 0 0 0
1625641617 135 0 0 0 1 0 0 0 0 0 0 0 0 0
1625648733 136 0 0 0 1 0 0 0 0 0 0 0 0 0
1625711353 137 0 0 0 1 0 0 0 0 0 0 0 0 0
1625713176 138 0 0 0 1 0 0 0 0 0 0 0 0 0
1625730177 139 0 0 0 1 0 0 0 0 0 0 0 0 0
1625732478 140 0 0 0 1 0 0 0 0 0 0 0 0 0
1625811987 141 0 0 0 1 0 0 0 0 0 0 0 0 0
1625821324 142 0 0 0 1 0 0 0 0 0 0 0 0 0
1625824490 143 0 0 0 1 0 0 0 0 0 0 0 0 0
1626055704 144 0 0 0 1 0 0 0 0 0 0 0 0 0
1626166945 145 0 0 0 1 0 0 0 0 0 0 0 0 0
1626225302 146 0 0 0 1 0 0 0 0 0 0 0 0 0
1626232012 147 0 0 0 1 0 0 0 0 0 0 0 0 0
1626232045 148 0 0 0 1 0 0 0 0 0 0 0 0 0
1626232479 149 0 0 0 1 0 0 0 0 0 0 0 0 0
1626234486 150 0 0 0 1 0 0 0 0 0 0 0 0 0
1626246252 151 0 0 0 1 0 0 0 0 0 0 0 0 0
1626247036 152 0 0 0 1 0 0 0 0 0 0 0 0 0
1626251701 153 0 0 0 1 0 0 0 0 0 0 0 0 0
1626255990 154 0 0 0 1 0 0 0 0 0 0 0 0 0
1626256491 155 0 0 0 1 0 0 0 0 0 0 0 0 0
1626314554 156 0 0 0 1 0 0 0 0 0 0 0 0 0
1626314972 156 1 0 0 1 0 0 0 0 0 0 0 0 0
1626315003 156 2 0 0 1 0 0 0 0 0 0 0 0 0
1626326024 157 2 0 0 1 0 0 0 0 0 0 0 0 0
1626326028 158 2 0 0 1 0 0 0 0 0 0 0 0 0
1626337340 159 2 0 0 1 0 0 0 0 0 0 0 0 0
1626409843 160 2 0 0 1 0 0 0 0 0 0 0 0 0
1626422529 161 2 0 0 1 0 0 0 0 0 0 0 0 0
1626425984 162 2 0 0 1 0 0 0 0 0 0 0 0 0
1626426072 163 2 0 0 1 0 0 0 0 0 0 0 0 0
1626427822 164 2 0 0 1 0 0 0 0 0 0 0 0 0
1626431006 164 3 0 0 1 0 0 0 0 0 0 0 0 0
1626431010 164 4 0 0 1 0 0 0 0 0 0 0 0 0
1626681832 165 4 0 0 1 0 0 0 0 0 0 0 0 0
1626681836 166 4 0 0 1 0 0 0 0 0 0 0 0 0
1626682620 167 4 0 0 1 0 0 0 0 0 0 0 0 0
1626683096 168 4 0 0 1 0 0 0 0 0 0 0 0 0
1626683202 168 5 0 0 1 0 0 0 0 0 0 0 0 0
1626683206 168 6 0 0 1 0 0 0 0 0 0 0 0 0
1626683514 169 6 0 0 1 0 0 0 0 0 0 0 0 0
1626768478 170 6 0 0 1 0 0 0 0 0 0 0 0 0
1626834588 171 6 0 0 1 0 0 0 0 0 0 0 0 0
1626834806 172 6 0 0 1 0 0 0 0 0 0 0 0 0
1626838567 173 6 0 0 1 0 0 0 0 0 0 0 0 0
1626847612 174 6 0 0 1 0 0 0 0 0 0 0 0 0
1626848514 175 6 0 0 1 0 0 0 0 0 0 0 0 0
1626858272 176 6 0 0 1 0 0 0 0 0 0 0 0 0
1626858925 177 6 0 0 1 0 0 0 0 0 0 0 0 0
1626914802 177 7 0 0 1 0 0 0 0 0 0 0 0 0
1626914805 177 8 0 0 1 0 0 0 0 0 0 0 0 0
1626941905 178 8 0 0 1 0 0 0 0 0 0 0 0 0
1626941909 179 8 0 0 1 0 0 0 0 0 0 0 0 0
1626961131 179 9 0 0 1 0 0 0 0 0 0 0 0 0
1627006715 180 9 0 0 1 0 0 0 0 0 0 0 0 0
1627026801 181 9 0 0 1 0 0 0 0 0 0 0 0 0
1627037509 182 9 0 0 1 0 0 0 0 0 0 0 0 0
1627265223 182 9 0 1 1 0 0 0 0 0 0 0 0 0
1627265234 182 9 0 2 1 0 0 0 0 0 0 0 0 0
1627282458 182 10 0 2 1 0 0 0 0 0 0 0 0 0
1627283634 182 10 0 3 1 0 0 0 0 0 0 0 0 0
1627283642 182 10 0 4 1 0 0 0 0 0 0 0 0 0
1627287918 183 10 0 4 1 0 0 0 0 0 0 0 0 0
1627287922 184 10 0 4 1 0 0 0 0 0 0 0 0 0
1627288451 185 10 0 4 1 0 0 0 0 0 0 0 0 0
1627289665 185 10 0 4 1 0 0 0 1 0 0 0 0 0
1627289682 185 10 0 4 1 0 0 0 2 0 0 0 0 0
1627295191 186 10 0 4 1 0 0 0 2 0 0 0 0 0
1627317502 187 10 0 4 1 0 0 0 2 0 0 0 0 0
1627320362 188 10 0 4 1 0 0 0 2 0 0 0 0 0
1627351688 188 10 0 5 1 0 0 0 2 0 0 0 0 0
1627351697 188 10 0 6 1 0 0 0 2 0 0 0 0 0
1627377653 189 10 0 6 1 0 0 0 2 0 0 0 0 0
1627377657 190 10 0 6 1 0 0 0 2 0 0 0 0 0
1627377823 191 10 0 6 1 0 0 0 2 0 0 0 0 0
1627436567 191 11 0 6 1 0 0 0 2 0 0 0 0 0
1627436570 191 12 0 6 1 0 0 0 2 0 0 0 0 0
1627437393 191 12 0 7 1 0 0 0 2 0 0 0 0 0
1627437402 191 12 0 8 1 0 0 0 2 0 0 0 0 0
1627437445 191 13 0 8 1 0 0 0 2 0 0 0 0 0
1627439100 191 13 0 8 1 0 0 0 3 0 0 0 0 0
1627439147 191 13 0 8 1 0 0 0 4 0 0 0 0 0
1627444238 192 13 0 8 1 0 0 0 4 0 0 0 0 0
1627444607 193 13 0 8 1 0 0 0 4 0 0 0 0 0
1627446182 194 13 0 8 1 0 0 0 4 0 0 0 0 0
1627447722 195 13 0 8 1 0 0 0 4 0 0 0 0 0
1627453583 196 13 0 8 1 0 0 0 4 0 0 0 0 0
1627535771 197 13 0 8 1 0 0 0 4 0 0 0 0 0
1627536109 198 13 0 8 1 0 0 0 4 0 0 0 0 0
1627536801 199 13 0 8 1 0 0 0 4 0 0 0 0 0
1627536904 199 14 0 8 1 0 0 0 4 0 0 0 0 0
1627536908 199 15 0 8 1 0 0 0 4 0 0 0 0 0
1627546316 200 15 0 8 1 0 0 0 4 0 0 0 0 0
1627546325 201 15 0 8 1 0 0 0 4 0 0 0 0 0
1627546508 202 15 0 8 1 0 0 0 4 0 0 0 0 0
1627547026 202 16 0 8 1 0 0 0 4 0 0 0 0 0
1627547029 202 17 0 8 1 0 0 0 4 0 0 0 0 0
1627704110 203 17 0 8 1 0 0 0 4 0 0 0 0 0
1627869621 204 17 0 8 1 0 0 0 4 0 0 0 0 0
1627872230 205 17 0 8 1 0 0 0 4 0 0 0 0 0
1627872380 205 17 0 9 1 0 0 0 4 0 0 0 0 0
1627872402 205 17 0 10 1 0 0 0 4 0 0 0 0 0
1627872468 206 17 0 10 1 0 0 0 4 0 0 0 0 0
1627872472 207 17 0 10 1 0 0 0 4 0 0 0 0 0
1627874475 207 17 0 11 1 0 0 0 4 0 0 0 0 0
1627875267 208 17 0 11 1 0 0 0 4 0 0 0 0 0
1627875271 209 17 0 11 1 0 0 0 4 0 0 0 0 0
1627875650 210 17 0 11 1 0 0 0 4 0 0 0 0 0
1627892859 211 17 0 11 1 0 0 0 4 0 0 0 0 0
1627894948 212 17 0 11 1 0 0 0 4 0 0 0 0 0
1627953974 213 17 0 11 1 0 0 0 4 0 0 0 0 0
1627954774 214 17 0 11 1 0 0 0 4 0 0 0 0 0
1627960066 215 17 0 11 1 0 0 0 4 0 0 0 0 0
1627972646 215 17 0 12 1 0 0 0 4 0 0 0 0 0
1627972663 215 17 0 13 1 0 0 0 4 0 0 0 0 0
1627980663 215 18 0 13 1 0 0 0 4 0 0 0 0 0
1627980729 215 19 0 13 1 0 0 0 4 0 0 0 0 0
1627981393 215 20 0 13 1 0 0 0 4 0 0 0 0 0
1628038205 216 20 0 13 1 0 0 0 4 0 0 0 0 0
1628038274 217 20 0 13 1 0 0 0 4 0 0 0 0 0
1628038285 218 20 0 13 1 0 0 0 4 0 0 0 0 0
1628038893 219 20 0 13 1 0 0 0 4 0 0 0 0 0
1628039236 219 21 0 13 1 0 0 0 4 0 0 0 0 0
1628039265 219 22 0 13 1 0 0 0 4 0 0 0 0 0
1628068466 219 22 0 14 1 0 0 0 4 0 0 0 0 0
1628068485 219 22 0 15 1 0 0 0 4 0 0 0 0 0
1628069507 220 22 0 15 1 0 0 0 4 0 0 0 0 0
1628069516 221 22 0 15 1 0 0 0 4 0 0 0 0 0
1628070085 222 22 0 15 1 0 0 0 4 0 0 0 0 0
1628070160 222 23 0 15 1 0 0 0 4 0 0 0 0 0
1628070165 222 24 0 15 1 0 0 0 4 0 0 0 0 0
1628070191 223 24 0 15 1 0 0 0 4 0 0 0 0 0
1628070195 224 24 0 15 1 0 0 0 4 0 0 0 0 0
1628070427 225 24 0 15 1 0 0 0 4 0 0 0 0 0
1628070975 226 24 0 15 1 0 0 0 4 0 0 0 0 0
1628130251 226 24 0 16 1 0 0 0 4 0 0 0 0 0
1628130530 226 24 0 17 1 0 0 0 4 0 0 0 0 0
1628135324 226 24 0 18 1 0 0 0 4 0 0 0 0 0
1628152163 227 24 0 18 1 0 0 0 4 0 0 0 0 0
1628152169 228 24 0 18 1 0 0 0 4 0 0 0 0 0
1628152405 229 24 0 18 1 0 0 0 4 0 0 0 0 0
1628152740 230 24 0 18 1 0 0 0 4 0 0 0 0 0
1628153083 231 24 0 18 1 0 0 0 4 0 0 0 0 0
1628158689 232 24 0 18 1 0 0 0 4 0 0 0 0 0
1628221709 233 24 0 18 1 0 0 0 4 0 0 0 0 0
1628245083 234 24 0 18 1 0 0 0 4 0 0 0 0 0
1628245209 235 24 0 18 1 0 0 0 4 0 0 0 0 0
1628472983 236 24 0 18 1 0 0 0 4 0 0 0 0 0
1628479845 237 24 0 18 1 0 0 0 4 0 0 0 0 0
1628481208 238 24 0 18 1 0 0 0 4 0 0 0 0 0
1628491834 238 25 0 18 1 0 0 0 4 0 0 0 0 0
1628491837 238 26 0 18 1 0 0 0 4 0 0 0 0 0
1628495454 238 26 0 19 1 0 0 0 4 0 0 0 0 0
1628495562 238 26 0 20 1 0 0 0 4 0 0 0 0 0
1628503085 238 26 0 20 1 0 0 0 5 0 0 0 0 0
1628503178 238 26 0 20 1 0 0 0 6 0 0 0 0 0
1628503352 238 26 0 20 1 0 0 0 7 0 0 0 0 0
1628504002 239 26 0 20 1 0 0 0 7 0 0 0 0 0
1628504009 240 26 0 20 1 0 0 0 7 0 0 0 0 0
1628505575 241 26 0 20 1 0 0 0 7 0 0 0 0 0
1628508276 242 26 0 20 1 0 0 0 7 0 0 0 0 0
1628558004 242 27 0 20 1 0 0 0 7 0 0 0 0 0
1628558008 242 27 0 21 1 0 0 0 7 0 0 0 0 0
1628558010 242 28 0 21 1 0 0 0 7 0 0 0 0 0
1628558018 242 28 0 22 1 0 0 0 7 0 0 0 0 0
1628558033 242 28 0 23 1 0 0 0 7 0 0 0 0 0
1628566952 242 28 0 24 1 0 0 0 7 0 0 0 0 0
1628587468 242 28 0 25 1 0 0 0 7 0 0 0 0 0
1628590850 243 28 0 25 1 0 0 0 7 0 0 0 0 0
1628590853 244 28 0 25 1 0 0 0 7 0 0 0 0 0
1628594629 245 28 0 25 1 0 0 0 7 0 0 0 0 0
1628646015 246 28 0 25 1 0 0 0 7 0 0 0 0 0
1628646641 246 29 0 25 1 0 0 0 7 0 0 0 0 0
1628646645 246 30 0 25 1 0 0 0 7 0 0 0 0 0
1628652373 247 30 0 25 1 0 0 0 7 0 0 0 0 0
1628652546 248 30 0 25 1 0 0 0 7 0 0 0 0 0
1628653294 248 30 0 26 1 0 0 0 7 0 0 0 0 0
1628653304 248 30 0 27 1 0 0 0 7 0 0 0 0 0
1628663497 249 30 0 27 1 0 0 0 7 0 0 0 0 0
1628663499 250 30 0 27 1 0 0 0 7 0 0 0 0 0
1628666879 250 31 0 27 1 0 0 0 7 0 0 0 0 0
1628666882 250 32 0 27 1 0 0 0 7 0 0 0 0 0
1628671586 250 32 0 28 1 0 0 0 7 0 0 0 0 0
1628671604 250 32 0 29 1 0 0 0 7 0 0 0 0 0
1628747799 250 32 0 30 1 0 0 0 7 0 0 0 0 0
1628760282 251 32 0 30 1 0 0 0 7 0 0 0 0 0
1628760409 252 32 0 30 1 0 0 0 7 0 0 0 0 0
1628760680 253 32 0 30 1 0 0 0 7 0 0 0 0 0
1628815742 254 32 0 30 1 0 0 0 7 0 0 0 0 0
1628816707 254 33 0 30 1 0 0 0 7 0 0 0 0 0
1628816720 254 33 0 31 1 0 0 0 7 0 0 0 0 0
1628816734 254 33 0 32 1 0 0 0 7 0 0 0 0 0
1628816783 254 34 0 32 1 0 0 0 7 0 0 0 0 0
1628816793 254 35 0 32 1 0 0 0 7 0 0 0 0 0
1628820077 254 36 0 32 1 0 0 0 7 0 0 0 0 0
1628820324 254 36 0 33 1 0 0 0 7 0 0 0 0 0
1628821197 255 36 0 33 1 0 0 0 7 0 0 0 0 0
1628821203 256 36 0 33 1 0 0 0 7 0 0 0 0 0
1628824275 257 36 0 33 1 0 0 0 7 0 0 0 0 0
1628833706 258 36 0 33 1 0 0 0 7 0 0 0 0 0
1628848200 258 37 0 33 1 0 0 0 7 0 0 0 0 0
1628848206 258 38 0 33 1 0 0 0 7 0 0 0 0 0
1629082761 258 38 0 34 1 0 0 0 7 0 0 0 0 0
1629082770 258 38 0 35 1 0 0 0 7 0 0 0 0 0
1629191900 259 38 0 35 1 0 0 0 7 0 0 0 0 0
1629191910 260 38 0 35 1 0 0 0 7 0 0 0 0 0
1629192232 261 38 0 35 1 0 0 0 7 0 0 0 0 0
1629192308 262 38 0 35 1 0 0 0 7 0 0 0 0 0
1629197792 263 38 0 35 1 0 0 0 7 0 0 0 0 0
1629198234 264 38 0 35 1 0 0 0 7 0 0 0 0 0
1629248297 264 38 0 36 1 0 0 0 7 0 0 0 0 0
1629248317 264 38 0 37 1 0 0 0 7 0 0 0 0 0
1629256196 264 38 0 38 1 0 0 0 7 0 0 0 0 0
1629257140 265 38 0 38 1 0 0 0 7 0 0 0 0 0
1629257145 266 38 0 38 1 0 0 0 7 0 0 0 0 0
1629259199 267 38 0 38 1 0 0 0 7 0 0 0 0 0
1629259222 268 38 0 38 1 0 0 0 7 0 0 0 0 0
1629265832 268 38 0 38 1 0 0 0 8 0 0 0 0 0
1629265977 268 38 0 38 1 0 0 0 9 0 0 0 0 0
1629266141 268 38 0 38 1 0 0 0 10 0 0 0 0 0
1629267567 269 38 0 38 1 0 0 0 10 0 0 0 0 0
1629268309 269 38 0 38 1 0 0 0 11 0 0 0 0 0
1629269160 269 38 0 38 1 0 0 0 12 0 0 0 0 0
1629274879 269 38 0 38 1 0 0 0 13 0 0 0 0 0
1629275835 269 38 0 38 1 0 0 0 14 0 0 0 0 0
1629277755 269 38 0 39 1 0 0 0 14 0 0 0 0 0
1629277782 269 38 0 40 1 0 0 0 14 0 0 0 0 0
1629279645 269 38 0 40 1 0 0 0 15 0 0 0 0 0
1629279654 269 38 0 40 1 0 0 0 16 0 0 0 0 0
1629280528 270 38 0 40 1 0 0 0 16 0 0 0 0 0
1629283367 271 38 0 40 1 0 0 0 16 0 0 0 0 0
1629292272 271 39 0 40 1 0 0 0 16 0 0 0 0 0
1629292305 271 40 0 40 1 0 0 0 16 0 0 0 0 0
1629336661 271 40 0 41 1 0 0 0 16 0 0 0 0 0
1629336754 271 40 0 42 1 0 0 0 16 0 0 0 0 0
1629343262 271 40 0 43 1 0 0 0 16 0 0 0 0 0
1629353400 272 40 0 43 1 0 0 0 16 0 0 0 0 0
1629353406 273 40 0 43 1 0 0 0 16 0 0 0 0 0
1629364588 274 40 0 43 1 0 0 0 16 0 0 0 0 0
1629421379 274 40 0 44 1 0 0 0 16 0 0 0 0 0
1629422042 274 40 0 45 1 0 0 0 16 0 0 0 0 0
1629432482 275 40 0 45 1 0 0 0 16 0 0 0 0 0
1629439239 275 41 0 45 1 0 0 0 16 0 0 0 0 0
1629439274 275 42 0 45 1 0 0 0 16 0 0 0 0 0
1629452661 276 42 0 45 1 0 0 0 16 0 0 0 0 0
1629680007 276 43 0 45 1 0 0 0 16 0 0 0 0 0
1629680011 276 44 0 45 1 0 0 0 16 0 0 0 0 0
1629689284 277 44 0 45 1 0 0 0 16 0 0 0 0 0
1629704842 278 44 0 45 1 0 0 0 16 0 0 0 0 0
1629705643 279 44 0 45 1 0 0 0 16 0 0 0 0 0
1629712170 280 44 0 45 1 0 0 0 16 0 0 0 0 0
1629713758 281 44 0 45 1 0 0 0 16 0 0 0 0 0
1629714144 281 45 0 45 1 0 0 0 16 0 0 0 0 0
1629715554 281 46 0 45 1 0 0 0 16 0 0 0 0 0
1629718052 282 46 0 45 1 0 0 0 16 0 0 0 0 0
1629718152 283 46 0 45 1 0 0 0 16 0 0 0 0 0
1629790915 283 46 0 46 1 0 0 0 16 0 0 0 0 0
1629791351 283 46 0 46 1 0 0 0 17 0 0 0 0 0
1629791363 283 46 0 46 1 0 0 0 18 0 0 0 0 0
1629799859 284 46 0 46 1 0 0 0 18 0 0 0 0 0
1629799863 285 46 0 46 1 0 0 0 18 0 0 0 0 0
1629855364 285 46 0 47 1 0 0 0 18 0 0 0 0 0
1629855373 285 46 0 48 1 0 0 0 18 0 0 0 0 0
1629855766 285 47 0 48 1 0 0 0 18 0 0 0 0 0
1629855770 285 48 0 48 1 0 0 0 18 0 0 0 0 0
1629858422 285 48 0 49 1 0 0 0 18 0 0 0 0 0
1629858433 285 48 0 50 1 0 0 0 18 0 0 0 0 0
1629861304 285 48 0 51 1 0 0 0 18 0 0 0 0 0
1629861370 286 48 0 51 1 0 0 0 18 0 0 0 0 0
1629861374 287 48 0 51 1 0 0 0 18 0 0 0 0 0
1629873952 287 48 0 52 1 0 0 0 18 0 0 0 0 0
1629873964 287 48 0 53 1 0 0 0 18 0 0 0 0 0
1629881710 287 48 0 54 1 0 0 0 18 0 0 0 0 0
1629882217 287 49 0 54 1 0 0 0 18 0 0 0 0 0
1629882221 287 50 0 54 1 0 0 0 18 0 0 0 0 0
1629886245 288 50 0 54 1 0 0 0 18 0 0 0 0 0
1629886736 289 50 0 54 1 0 0 0 18 0 0 0 0 0
1629886792 290 50 0 54 1 0 0 0 18 0 0 0 0 0
1629944727 291 50 0 54 1 0 0 0 18 0 0 0 0 0
1629944852 291 50 0 55 1 0 0 0 18 0 0 0 0 0
1629945425 292 50 0 55 1 0 0 0 18 0 0 0 0 0
1629961694 293 50 0 55 1 0 0 0 18 0 0 0 0 0
1629964489 293 51 0 55 1 0 0 0 18 0 0 0 0 0
1629964494 293 52 0 55 1 0 0 0 18 0 0 0 0 0
1629964533 293 52 0 56 1 0 0 0 18 0 0 0 0 0
1629964543 293 52 0 57 1 0 0 0 18 0 0 0 0 0
1629972458 293 53 0 57 1 0 0 0 18 0 0 0 0 0
1629972465 294 53 0 57 1 0 0 0 18 0 0 0 0 0
1629972469 295 53 0 57 1 0 0 0 18 0 0 0 0 0
1629972562 295 54 0 57 1 0 0 0 18 0 0 0 0 0
1629972568 295 55 0 57 1 0 0 0 18 0 0 0 0 0
1630033004 296 55 0 57 1 0 0 0 18 0 0 0 0 0
1630033009 297 55 0 57 1 0 0 0 18 0 0 0 0 0
1630049117 297 55 0 58 1 0 0 0 18 0 0 0 0 0
1630049228 297 55 0 59 1 0 0 0 18 0 0 0 0 0
1630051791 297 56 0 59 1 0 0 0 18 0 0 0 0 0
1630051794 297 57 0 59 1 0 0 0 18 0 0 0 0 0
1630053752 297 57 0 60 1 0 0 0 18 0 0 0 0 0
1630053975 297 57 0 61 1 0 0 0 18 0 0 0 0 0
1630053996 297 57 0 62 1 0 0 0 18 0 0 0 0 0
1630054477 298 57 0 62 1 0 0 0 18 0 0 0 0 0
1630054481 299 57 0 62 1 0 0 0 18 0 0 0 0 0
1630056733 300 57 0 62 1 0 0 0 18 0 0 0 0 0
1630059570 301 57 0 62 1 0 0 0 18 0 0 0 0 0
1630063879 302 57 0 62 1 0 0 0 18 0 0 0 0 0
1630066203 303 57 0 62 1 0 0 0 18 0 0 0 0 0
1630068671 304 57 0 62 1 0 0 0 18 0 0 0 0 0
1630069314 305 57 0 62 1 0 0 0 18 0 0 0 0 0
1630288353 306 57 0 62 1 0 0 0 18 0 0 0 0 0
1630288401 307 57 0 62 1 0 0 0 18 0 0 0 0 0
1630289092 308 57 0 62 1 0 0 0 18 0 0 0 0 0
1630307057 308 57 0 63 1 0 0 0 18 0 0 0 0 0
1630307066 308 57 0 64 1 0 0 0 18 0 0 0 0 0
1630313671 308 57 0 65 1 0 0 0 18 0 0 0 0 0
1630318831 309 57 0 65 1 0 0 0 18 0 0 0 0 0
1630318836 310 57 0 65 1 0 0 0 18 0 0 0 0 0
1630378107 310 58 0 65 1 0 0 0 18 0 0 0 0 0
1630378110 310 59 0 65 1 0 0 0 18 0 0 0 0 0
1630391672 310 59 0 66 1 0 0 0 18 0 0 0 0 0
1630391699 310 59 0 67 1 0 0 0 18 0 0 0 0 0
1630394443 311 59 0 67 1 0 0 0 18 0 0 0 0 0
1630394449 312 59 0 67 1 0 0 0 18 0 0 0 0 0
1630395547 313 59 0 67 1 0 0 0 18 0 0 0 0 0
1630398386 314 59 0 67 1 0 0 0 18 0 0 0 0 0
1630398390 314 59 0 68 1 0 0 0 18 0 0 0 0 0
1630398398 314 59 0 69 1 0 0 0 18 0 0 0 0 0
1630398420 315 59 0 69 1 0 0 0 18 0 0 0 0 0
1630410102 316 59 0 69 1 0 0 0 18 0 0 0 0 0
1630474943 316 59 0 70 1 0 0 0 18 0 0 0 0 0
1630474956 316 59 0 71 1 0 0 0 18 0 0 0 0 0
1630480794 317 59 0 71 1 0 0 0 18 0 0 0 0 0
1630480799 318 59 0 71 1 0 0 0 18 0 0 0 0 0
1630487921 318 59 0 72 1 0 0 0 18 0 0 0 0 0
1630487986 318 59 0 73 1 0 0 0 18 0 0 0 0 0
1630489555 318 59 0 74 1 0 0 0 18 0 0 0 0 0
1630545007 318 60 0 74 1 0 0 0 18 0 0 0 0 0
1630545253 318 61 0 74 1 0 0 0 18 0 0 0 0 0
1630548406 318 62 0 74 1 0 0 0 18 0 0 0 0 0
1630550257 318 62 0 75 1 0 0 0 18 0 0 0 0 0
1630550265 318 62 0 76 1 0 0 0 18 0 0 0 0 0
1630551888 318 62 0 77 1 0 0 0 18 0 0 0 0 0
1630553399 318 63 0 77 1 0 0 0 18 0 0 0 0 0
1630575175 319 63 0 77 1 0 0 0 18 0 0 0 0 0
1630575195 320 63 0 77 1 0 0 0 18 0 0 0 0 0
1630578232 321 63 0 77 1 0 0 0 18 0 0 0 0 0
1630579973 322 63 0 77 1 0 0 0 18 0 0 0 0 0
1630637906 322 64 0 77 1 0 0 0 18 0 0 0 0 0
1630637910 322 65 0 77 1 0 0 0 18 0 0 0 0 0
1630889186 322 65 0 78 1 0 0 0 18 0 0 0 0 0
1630889201 322 65 0 79 1 0 0 0 18 0 0 0 0 0
1630892298 322 66 0 79 1 0 0 0 18 0 0 0 0 0
1630892301 322 67 0 79 1 0 0 0 18 0 0 0 0 0
1630892648 323 67 0 79 1 0 0 0 18 0 0 0 0 0
1630892652 324 67 0 79 1 0 0 0 18 0 0 0 0 0
1630908227 324 67 0 80 1 0 0 0 18 0 0 0 0 0
1630908235 324 67 0 81 1 0 0 0 18 0 0 0 0 0
1630922359 325 67 0 81 1 0 0 0 18 0 0 0 0 0
1630922363 326 67 0 81 1 0 0 0 18 0 0 0 0 0
1630978707 326 68 0 81 1 0 0 0 18 0 0 0 0 0
1630986746 326 68 0 82 1 0 0 0 18 0 0 0 0 0
1630990251 327 68 0 82 1 0 0 0 18 0 0 0 0 0
1630990256 328 68 0 82 1 0 0 0 18 0 0 0 0 0
1630990346 329 68 0 82 1 0 0 0 18 0 0 0 0 0
1630992767 329 68 0 83 1 0 0 0 18 0 0 0 0 0
1631000807 329 68 0 84 1 0 0 0 18 0 0 0 0 0
1631006909 329 68 0 85 1 0 0 0 18 0 0 0 0 0
1631008644 329 69 0 85 1 0 0 0 18 0 0 0 0 0
1631008648 329 70 0 85 1 0 0 0 18 0 0 0 0 0
1631009183 330 70 0 85 1 0 0 0 18 0 0 0 0 0
1631009187 331 70 0 85 1 0 0 0 18 0 0 0 0 0
1631064347 332 70 0 85 1 0 0 0 18 0 0 0 0 0
1631065518 332 70 0 86 1 0 0 0 18 0 0 0 0 0
1631081556 333 70 0 86 1 0 0 0 18 0 0 0 0 0
1631081562 334 70 0 86 1 0 0 0 18 0 0 0 0 0
1631083811 334 70 0 87 1 0 0 0 18 0 0 0 0 0
1631083821 334 70 0 88 1 0 0 0 18 0 0 0 0 0
1631091754 335 70 0 88 1 0 0 0 18 0 0 0 0 0
1631091760 336 70 0 88 1 0 0 0 18 0 0 0 0 0
1631091796 337 70 0 88 1 0 0 0 18 0 0 0 0 0
1631098656 338 70 0 88 1 0 0 0 18 0 0 0 0 0
1631154989 338 70 0 89 1 0 0 0 18 0 0 0 0 0
1631154999 338 70 0 90 1 0 0 0 18 0 0 0 0 0
1631169210 338 70 0 91 1 0 0 0 18 0 0 0 0 0
1631169305 338 71 0 91 1 0 0 0 18 0 0 0 0 0
1631169348 338 71 0 92 1 0 0 0 18 0 0 0 0 0
1631169371 338 72 0 92 1 0 0 0 18 0 0 0 0 0
1631169485 338 73 0 92 1 0 0 0 18 0 0 0 0 0
1631170722 338 74 0 92 1 0 0 0 18 0 0 0 0 0
1631170777 338 75 0 92 1 0 0 0 18 0 0 0 0 0
1631172799 338 75 0 93 1 0 0 0 18 0 0 0 0 0
1631174000 338 75 0 94 1 0 0 0 18 0 0 0 0 0
1631174008 338 75 0 95 1 0 0 0 18 0 0 0 0 0
1631181332 338 76 0 95 1 0 0 0 18 0 0 0 0 0
1631242650 338 76 0 95 1 0 0 0 19 0 0 0 0 0
1631242663 338 76 0 95 1 0 0 0 20 0 0 0 0 0
1631243215 338 76 0 96 1 0 0 0 20 0 0 0 0 0
1631243224 338 76 0 97 1 0 0 0 20 0 0 0 0 0
1631253594 338 76 0 98 1 0 0 0 20 0 0 0 0 0
1631253984 338 76 0 99 1 0 0 0 20 0 0 0 0 0
1631254207 338 76 0 100 1 0 0 0 20 0 0 0 0 0
1631254361 338 76 0 101 1 0 0 0 20 0 0 0 0 0
1631256385 338 76 0 102 1 0 0 0 20 0 0 0 0 0
1631273611 339 76 0 102 1 0 0 0 20 0 0 0 0 0
1631273616 340 76 0 102 1 0 0 0 20 0 0 0 0 0
1631582042 340 76 0 103 1 0 0 0 20 0 0 0 0 0
1631584555 340 77 0 103 1 0 0 0 20 0 0 0 0 0
1631591268 340 78 0 103 1 0 0 0 20 0 0 0 0 0
1631610490 340 79 0 103 1 0 0 0 20 0 0 0 0 0
1631753896 341 79 0 103 1 0 0 0 20 0 0 0 0 0
1631758672 342 79 0 103 1 0 0 0 20 0 0 0 0 0
1631763476 343 79 0 103 1 0 0 0 20 0 0 0 0 0
1631773488 344 79 0 103 1 0 0 0 20 0 0 0 0 0
1631775486 344 79 0 104 1 0 0 0 20 0 0 0 0 0
1631775512 344 79 0 105 1 0 0 0 20 0 0 0 0 0
1631776827 345 79 0 105 1 0 0 0 20 0 0 0 0 0
1631776831 346 79 0 105 1 0 0 0 20 0 0 0 0 0
1631789524 347 79 0 105 1 0 0 0 20 0 0 0 0 0
1631876829 348 79 0 105 1 0 0 0 20 0 0 0 0 0
1631957927 349 79 0 105 1 0 0 0 20 0 0 0 0 0
1631959903 350 79 0 105 1 0 0 0 20 0 0 0 0 0
1632376040 351 79 0 105 1 0 0 0 20 0 0 0 0 0
1632376090 352 79 0 105 1 0 0 0 20 0 0 0 0 0
1632385185 353 79 0 105 1 0 0 0 20 0 0 0 0 0
1632386949 354 79 0 105 1 0 0 0 20 0 0 0 0 0
1632468154 355 79 0 105 1 0 0 0 20 0 0 0 0 0
1632474710 356 79 0 105 1 0 0 0 20 0 0 0 0 0
1632731641 356 80 0 105 1 0 0 0 20 0 0 0 0 0
1633923870 357 80 0 105 1 0 0 0 20 0 0 0 0 0
1633923877 358 80 0 105 1 0 0 0 20 0 0 0 0 0
1633940734 359 80 0 105 1 0 0 0 20 0 0 0 0 0
1633947809 360 80 0 105 1 0 0 0 20 0 0 0 0 0
1634003150 361 80 0 105 1 0 0 0 20 0 0 0 0 0
1634004493 362 80 0 105 1 0 0 0 20 0 0 0 0 0
1634027970 362 81 0 105 1 0 0 0 20 0 0 0 0 0
1634027973 362 82 0 105 1 0 0 0 20 0 0 0 0 0
1634205153 363 82 0 105 1 0 0 0 20 0 0 0 0 0
1634205221 364 82 0 105 1 0 0 0 20 0 0 0 0 0
1634205252 365 82 0 105 1 0 0 0 20 0 0 0 0 0
1634206065 366 82 0 105 1 0 0 0 20 0 0 0 0 0
1634262493 366 83 0 105 1 0 0 0 20 0 0 0 0 0
1634262526 366 84 0 105 1 0 0 0 20 0 0 0 0 0
1634264715 367 84 0 105 1 0 0 0 20 0 0 0 0 0
1634264734 368 84 0 105 1 0 0 0 20 0 0 0 0 0
1634265595 369 84 0 105 1 0 0 0 20 0 0 0 0 0
1634265946 370 84 0 105 1 0 0 0 20 0 0 0 0 0
1634289381 371 84 0 105 1 0 0 0 20 0 0 0 0 0
1634290547 372 84 0 105 1 0 0 0 20 0 0 0 0 0
1634527241 372 85 0 105 1 0 0 0 20 0 0 0 0 0
1634539318 373 85 0 105 1 0 0 0 20 0 0 0 0 0
1634539322 374 85 0 105 1 0 0 0 20 0 0 0 0 0
1634539365 374 86 0 105 1 0 0 0 20 0 0 0 0 0
1634539375 374 87 0 105 1 0 0 0 20 0 0 0 0 0
1634541437 375 87 0 105 1 0 0 0 20 0 0 0 0 0
1634546279 375 88 0 105 1 0 0 0 20 0 0 0 0 0
1634563754 376 88 0 105 1 0 0 0 20 0 0 0 0 0
1634563760 377 88 0 105 1 0 0 0 20 0 0 0 0 0
1634714280 377 89 0 105 1 0 0 0 20 0 0 0 0 0
1634714284 377 90 0 105 1 0 0 0 20 0 0 0 0 0
1634902269 378 90 0 105 1 0 0 0 20 0 0 0 0 0
1634902325 379 90 0 105 1 0 0 0 20 0 0 0 0 0
1634902405 380 90 0 105 1 0 0 0 20 0 0 0 0 0
1635146400 380 91 0 105 1 0 0 0 20 0 0 0 0 0
1635146423 380 92 0 105 1 0 0 0 20 0 0 0 0 0
1635227665 381 92 0 105 1 0 0 0 20 0 0 0 0 0
1635227670 382 92 0 105 1 0 0 0 20 0 0 0 0 0
1635232331 382 93 0 105 1 0 0 0 20 0 0 0 0 0
1635232335 382 94 0 105 1 0 0 0 20 0 0 0 0 0
1635241150 382 95 0 105 1 0 0 0 20 0 0 0 0 0
1635242580 383 95 0 105 1 0 0 0 20 0 0 0 0 0
1635242586 384 95 0 105 1 0 0 0 20 0 0 0 0 0
1635297628 385 95 0 105 1 0 0 0 20 0 0 0 0 0
1635332438 386 95 0 105 1 0 0 0 20 0 0 0 0 0
1635333185 387 95 0 105 1 0 0 0 20 0 0 0 0 0
1635425886 388 95 0 105 1 0 0 0 20 0 0 0 0 0
1635486488 389 95 0 105 1 0 0 0 20 0 0 0 0 0
1635494134 389 96 0 105 1 0 0 0 20 0 0 0 0 0
1635494449 389 97 0 105 1 0 0 0 20 0 0 0 0 0
1635507380 390 97 0 105 1 0 0 0 20 0 0 0 0 0
1635507387 391 97 0 105 1 0 0 0 20 0 0 0 0 0
1635732550 392 97 0 105 1 0 0 0 20 0 0 0 0 0
1635817657 392 98 0 105 1 0 0 0 20 0 0 0 0 0
1635817660 392 99 0 105 1 0 0 0 20 0 0 0 0 0
1635820722 392 100 0 105 1 0 0 0 20 0 0 0 0 0
1635987035 393 100 0 105 1 0 0 0 20 0 0 0 0 0
1635987042 394 100 0 105 1 0 0 0 20 0 0 0 0 0
1635994447 395 100 0 105 1 0 0 0 20 0 0 0 0 0
1635994852 396 100 0 105 1 0 0 0 20 0 0 0 0 0
1635995909 397 100 0 105 1 0 0 0 20 0 0 0 0 0
1635996075 397 101 0 105 1 0 0 0 20 0 0 0 0 0
1635996079 397 102 0 105 1 0 0 0 20 0 0 0 0 0
1636007885 398 102 0 105 1 0 0 0 20 0 0 0 0 0
1636007891 399 102 0 105 1 0 0 0 20 0 0 0 0 0
1636019198 400 102 0 105 1 0 0 0 20 0 0 0 0 0
1636019275 400 103 0 105 1 0 0 0 20 0 0 0 0 0
1636019278 400 104 0 105 1 0 0 0 20 0 0 0 0 0
1636019465 401 104 0 105 1 0 0 0 20 0 0 0 0 0
1636019469 402 104 0 105 1 0 0 0 20 0 0 0 0 0
1636020244 403 104 0 105 1 0 0 0 20 0 0 0 0 0
1636029540 404 104 0 105 1 0 0 0 20 0 0 0 0 0
1636029729 404 105 0 105 1 0 0 0 20 0 0 0 0 0
1636029733 404 106 0 105 1 0 0 0 20 0 0 0 0 0
1636029769 405 106 0 105 1 0 0 0 20 0 0 0 0 0
1636029773 406 106 0 105 1 0 0 0 20 0 0 0 0 0
1636030798 406 107 0 105 1 0 0 0 20 0 0 0 0 0
1636030835 406 108 0 105 1 0 0 0 20 0 0 0 0 0
1636031044 407 108 0 105 1 0 0 0 20 0 0 0 0 0
1636080504 408 108 0 105 1 0 0 0 20 0 0 0 0 0
1636081744 408 109 0 105 1 0 0 0 20 0 0 0 0 0
1636081747 408 110 0 105 1 0 0 0 20 0 0 0 0 0
1636084242 408 111 0 105 1 0 0 0 20 0 0 0 0 0
1636092931 409 111 0 105 1 0 0 0 20 0 0 0 0 0
1636092941 410 111 0 105 1 0 0 0 20 0 0 0 0 0
1636094063 411 111 0 105 1 0 0 0 20 0 0 0 0 0
1636104539 411 112 0 105 1 0 0 0 20 0 0 0 0 0
1636113990 412 112 0 105 1 0 0 0 20 0 0 0 0 0
1636114130 412 113 0 105 1 0 0 0 20 0 0 0 0 0
1636114291 412 114 0 105 1 0 0 0 20 0 0 0 0 0
1636116350 412 115 0 105 1 0 0 0 20 0 0 0 0 0
1636117079 413 115 0 105 1 0 0 0 20 0 0 0 0 0
1636117087 414 115 0 105 1 0 0 0 20 0 0 0 0 0
1636117686 415 115 0 105 1 0 0 0 20 0 0 0 0 0
1636188045 416 115 0 105 1 0 0 0 20 0 0 0 0 0
1636446343 417 115 0 105 1 0 0 0 20 0 0 0 0 0
1636448502 418 115 0 105 1 0 0 0 20 0 0 0 0 0
1636452827 419 115 0 105 1 0 0 0 20 0 0 0 0 0
1636557199 420 115 0 105 1 0 0 0 20 0 0 0 0 0
1636964377 421 115 0 105 1 0 0 0 20 0 0 0 0 0
1636966961 421 116 0 105 1 0 0 0 20 0 0 0 0 0
1636966965 421 117 0 105 1 0 0 0 20 0 0 0 0 0
1637034884 422 117 0 105 1 0 0 0 20 0 0 0 0 0
1637034892 423 117 0 105 1 0 0 0 20 0 0 0 0 0
1637062275 424 117 0 105 1 0 0 0 20 0 0 0 0 0
1637120987 424 118 0 105 1 0 0 0 20 0 0 0 0 0
1637121014 424 118 0 106 1 0 0 0 20 0 0 0 0 0
1637121024 424 119 0 106 1 0 0 0 20 0 0 0 0 0
1637121092 424 119 0 107 1 0 0 0 20 0 0 0 0 0
1637133479 425 119 0 107 1 0 0 0 20 0 0 0 0 0
1637133485 426 119 0 107 1 0 0 0 20 0 0 0 0 0
1637133806 427 119 0 107 1 0 0 0 20 0 0 0 0 0
1637135538 428 119 0 107 1 0 0 0 20 0 0 0 0 0
1637194100 428 120 0 107 1 0 0 0 20 0 0 0 0 0
1637195103 428 121 0 107 1 0 0 0 20 0 0 0 0 0
1637205839 428 122 0 107 1 0 0 0 20 0 0 0 0 0
1637206135 428 123 0 107 1 0 0 0 20 0 0 0 0 0
1637227183 429 123 0 107 1 0 0 0 20 0 0 0 0 0
1637234354 430 123 0 107 1 0 0 0 20 0 0 0 0 0
1637234422 431 123 0 107 1 0 0 0 20 0 0 0 0 0
1637300449 432 123 0 107 1 0 0 0 20 0 0 0 0 0
1637307750 433 123 0 107 1 0 0 0 20 0 0 0 0 0
1637309464 434 123 0 107 1 0 0 0 20 0 0 0 0 0
1637660397 435 123 0 107 1 0 0 0 20 0 0 0 0 0
1637819438 436 123 0 107 1 0 0 0 20 0 0 0 0 0
1637822917 437 123 0 107 1 0 0 0 20 0 0 0 0 0
1637828043 438 123 0 107 1 0 0 0 20 0 0 0 0 0
1637898084 439 123 0 107 1 0 0 0 20 0 0 0 0 0
1638179121 440 123 0 107 1 0 0 0 20 0 0 0 0 0
1638431666 441 123 0 107 1 0 0 0 20 0 0 0 0 0
1639389323 442 123 0 107 1 0 0 0 20 0 0 0 0 0
1639471790 443 123 0 107 1 0 0 0 20 0 0 0 0 0
1640078250 444 123 0 107 1 0 0 0 20 0 0 0 0 0
1640757703 445 123 0 107 1 0 0 0 20 0 0 0 0 0
1640939526 445 123 0 107 1 1 0 0 20 0 0 0 0 0
1641259840 445 123 0 107 1 2 0 0 20 0 0 0 0 0
1641342603 445 123 0 107 1 3 0 0 20 0 0 0 0 0
1641799960 445 123 0 107 1 4 0 0 20 0 0 0 0 0
1641970472 446 123 0 107 1 4 0 0 20 0 0 0 0 0
1641970520 447 123 0 107 1 4 0 0 20 0 0 0 0 0
1641977370 448 123 0 107 1 4 0 0 20 0 0 0 0 0
1642149047 449 123 0 107 1 4 0 0 20 0 0 0 0 0
1642498573 450 123 0 107 1 4 0 0 20 0 0 0 0 0
1642574548 450 124 0 107 1 4 0 0 20 0 0 0 0 0
1642584634 450 125 0 107 1 4 0 0 20 0 0 0 0 0
1642587606 450 126 0 107 1 4 0 0 20 0 0 0 0 0
1642638991 450 127 0 107 1 4 0 0 20 0 0 0 0 0
1642665203 451 127 0 107 1 4 0 0 20 0 0 0 0 0
1642665245 452 127 0 107 1 4 0 0 20 0 0 0 0 0
1643098377 452 127 0 107 1 5 0 0 20 0 0 0 0 0
1643102543 452 127 0 107 1 6 0 0 20 0 0 0 0 0
1643179542 452 127 0 107 1 7 0 0 20 0 0 0 0 0
1643185847 452 127 0 107 1 8 0 0 20 0 0 0 0 0
1643269647 453 127 0 107 1 8 0 0 20 0 0 0 0 0
1643269745 454 127 0 107 1 8 0 0 20 0 0 0 0 0
1643272730 455 127 0 107 1 8 0 0 20 0 0 0 0 0
1643279393 456 127 0 107 1 8 0 0 20 0 0 0 0 0
1644289043 457 127 0 107 1 8 0 0 20 0 0 0 0 0
1644373705 458 127 0 107 1 8 0 0 20 0 0 0 0 0
1644396979 458 128 0 107 1 8 0 0 20 0 0 0 0 0
1644397099 458 128 1 107 1 8 0 0 20 0 0 0 0 0
1644398551 459 128 1 107 1 8 0 0 20 0 0 0 0 0
1644398557 460 128 1 107 1 8 0 0 20 0 0 0 0 0
1644398885 460 128 2 107 1 8 0 0 20 0 0 0 0 0
1644471940 460 128 3 107 1 8 0 0 20 0 0 0 0 0
1644474200 460 128 4 107 1 8 0 0 20 0 0 0 0 0
1644485804 460 129 4 107 1 8 0 0 20 0 0 0 0 0
1644486853 460 129 5 107 1 8 0 0 20 0 0 0 0 0
1644487072 460 129 5 107 1 9 0 0 20 0 0 0 0 0
1644487100 460 129 5 107 1 10 0 0 20 0 0 0 0 0
1644489728 460 129 6 107 1 10 0 0 20 0 0 0 0 0
1644547053 460 129 7 107 1 10 0 0 20 0 0 0 0 0
1644550197 460 130 7 107 1 10 0 0 20 0 0 0 0 0
1644550201 460 131 7 107 1 10 0 0 20 0 0 0 0 0
1644564466 460 132 7 107 1 10 0 0 20 0 0 0 0 0
1644566461 460 133 7 107 1 10 0 0 20 0 0 0 0 0
1644568714 460 133 7 107 1 11 0 0 20 0 0 0 0 0
1644568724 460 133 7 107 1 12 0 0 20 0 0 0 0 0
1644570719 460 134 7 107 1 12 0 0 20 0 0 0 0 0
1644570724 460 135 7 107 1 12 0 0 20 0 0 0 0 0
1644570733 460 135 8 107 1 12 0 0 20 0 0 0 0 0
1644570747 460 135 9 107 1 12 0 0 20 0 0 0 0 0
1644570889 460 135 9 107 1 13 0 0 20 0 0 0 0 0
1644570900 460 135 9 107 1 14 0 0 20 0 0 0 0 0
1644809115 460 135 10 107 1 14 0 0 20 0 0 0 0 0
1644829232 460 136 10 107 1 14 0 0 20 0 0 0 0 0
1644829236 460 137 10 107 1 14 0 0 20 0 0 0 0 0
1644831047 460 137 11 107 1 14 0 0 20 0 0 0 0 0
1644831361 460 137 11 107 1 15 0 0 20 0 0 0 0 0
1644831372 460 137 11 107 1 16 0 0 20 0 0 0 0 0
1644889866 460 138 11 107 1 16 0 0 20 0 0 0 0 0
1644889870 460 139 11 107 1 16 0 0 20 0 0 0 0 0
1644891363 461 139 11 107 1 16 0 0 20 0 0 0 0 0
1644891369 462 139 11 107 1 16 0 0 20 0 0 0 0 0
1644894073 462 139 11 107 1 17 0 0 20 0 0 0 0 0
1644894412 462 139 12 107 1 17 0 0 20 0 0 0 0 0
1644896390 462 140 12 107 1 17 0 0 20 0 0 0 0 0
1644910937 463 140 12 107 1 17 0 0 20 0 0 0 0 0
1644910943 464 140 12 107 1 17 0 0 20 0 0 0 0 0
1644911851 465 140 12 107 1 17 0 0 20 0 0 0 0 0
1644912017 466 140 12 107 1 17 0 0 20 0 0 0 0 0
1644912247 466 140 12 107 1 18 0 0 20 0 0 0 0 0
1644912257 466 140 12 107 1 19 0 0 20 0 0 0 0 0
1644914891 466 140 13 107 1 19 0 0 20 0 0 0 0 0
1644916137 467 140 13 107 1 19 0 0 20 0 0 0 0 0
1644919489 467 140 14 107 1 19 0 0 20 0 0 0 0 0
1644986965 467 140 15 107 1 19 0 0 20 0 0 0 0 0
1644993473 467 140 15 107 1 20 0 0 20 0 0 0 0 0
1644993482 467 140 15 107 1 21 0 0 20 0 0 0 0 0
1644994416 468 140 15 107 1 21 0 0 20 0 0 0 0 0
1644994422 469 140 15 107 1 21 0 0 20 0 0 0 0 0
1644996088 469 141 15 107 1 21 0 0 20 0 0 0 0 0
1644996092 469 142 15 107 1 21 0 0 20 0 0 0 0 0
1644996830 469 142 15 107 1 22 0 0 20 0 0 0 0 0
1644996838 469 142 15 107 1 23 0 0 20 0 0 0 0 0
1645001293 469 142 15 107 1 24 0 0 20 0 0 0 0 0
1645001306 469 142 16 107 1 24 0 0 20 0 0 0 0 0
1645001314 469 142 17 107 1 24 0 0 20 0 0 0 0 0
1645058484 470 142 17 107 1 24 0 0 20 0 0 0 0 0
1645058492 471 142 17 107 1 24 0 0 20 0 0 0 0 0
1645065170 471 142 18 107 1 24 0 0 20 0 0 0 0 0
1645086053 471 142 18 107 1 25 0 0 20 0 0 0 0 0
1645086192 472 142 18 107 1 25 0 0 20 0 0 0 0 0
1645086200 473 142 18 107 1 25 0 0 20 0 0 0 0 0
1645086309 474 142 18 107 1 25 0 0 20 0 0 0 0 0
1645086698 475 142 18 107 1 25 0 0 20 0 0 0 0 0
1645087651 475 143 18 107 1 25 0 0 20 0 0 0 0 0
1645087656 475 144 18 107 1 25 0 0 20 0 0 0 0 0
1645090529 475 144 18 107 1 26 0 0 20 0 0 0 0 0
1645090539 475 144 18 107 1 27 0 0 20 0 0 0 0 0
1645092384 476 144 18 107 1 27 0 0 20 0 0 0 0 0
1645092394 477 144 18 107 1 27 0 0 20 0 0 0 0 0
1645149017 477 144 18 108 1 27 0 0 20 0 0 0 0 0
1645149074 477 144 18 109 1 27 0 0 20 0 0 0 0 0
1645150010 477 144 18 110 1 27 0 0 20 0 0 0 0 0
1645153761 477 144 18 111 1 27 0 0 20 0 0 0 0 0
1645161558 478 144 18 111 1 27 0 0 20 0 0 0 0 0
1645161565 479 144 18 111 1 27 0 0 20 0 0 0 0 0
1645162306 480 144 18 111 1 27 0 0 20 0 0 0 0 0
1645165543 481 144 18 111 1 27 0 0 20 0 0 0 0 0
1645169853 481 145 18 111 1 27 0 0 20 0 0 0 0 0
1645169971 481 146 18 111 1 27 0 0 20 0 0 0 0 0
1645174361 481 147 18 111 1 27 0 0 20 0 0 0 0 0
1645174904 481 148 18 111 1 27 0 0 20 0 0 0 0 0
1645175808 481 148 19 111 1 27 0 0 20 0 0 0 0 0
1645178431 481 149 19 111 1 27 0 0 20 0 0 0 0 0
1645178436 481 150 19 111 1 27 0 0 20 0 0 0 0 0
1645179166 481 150 19 111 1 28 0 0 20 0 0 0 0 0
1645179344 481 150 19 111 1 29 0 0 20 0 0 0 0 0
1645181165 481 150 19 111 1 30 0 0 20 0 0 0 0 0
1645182783 481 150 19 111 1 31 0 0 20 0 0 0 0 0
1645182978 481 150 19 111 1 32 0 0 20 0 0 0 0 0
1645184702 481 150 19 112 1 32 0 0 20 0 0 0 0 0
1645187513 481 150 19 112 1 33 0 0 20 0 0 0 0 0
1645194023 481 150 19 112 1 34 0 0 20 0 0 0 0 0
1645194626 481 150 19 113 1 34 0 0 20 0 0 0 0 0
1645196822 481 150 19 113 1 35 0 0 20 0 0 0 0 0
1645196970 481 150 19 114 1 35 0 0 20 0 0 0 0 0
1645196988 481 150 19 115 1 35 0 0 20 0 0 0 0 0
1645197995 481 150 19 115 1 36 0 0 20 0 0 0 0 0
1645198022 481 150 19 115 1 37 0 0 20 0 0 0 0 0
1645198100 481 150 19 116 1 37 0 0 20 0 0 0 0 0
1645198124 481 150 19 117 1 37 0 0 20 0 0 0 0 0
1645200965 481 150 19 117 1 38 0 0 20 0 0 0 0 0
1645204009 481 150 19 117 1 39 0 0 20 0 0 0 0 0
1645204249 481 150 19 118 1 39 0 0 20 0 0 0 0 0
1645404937 481 151 19 118 1 39 0 0 20 0 0 0 0 0
1645422224 482 151 19 118 1 39 0 0 20 0 0 0 0 0
1645422229 483 151 19 118 1 39 0 0 20 0 0 0 0 0
1645424933 483 152 19 118 1 39 0 0 20 0 0 0 0 0
1645424937 483 153 19 118 1 39 0 0 20 0 0 0 0 0
1645425760 483 153 19 118 1 40 0 0 20 0 0 0 0 0
1645425773 483 153 19 118 1 41 0 0 20 0 0 0 0 0
1645429954 484 153 19 118 1 41 0 0 20 0 0 0 0 0
1645431962 484 154 19 118 1 41 0 0 20 0 0 0 0 0
1645431966 484 155 19 118 1 41 0 0 20 0 0 0 0 0
1645491448 485 155 19 118 1 41 0 0 20 0 0 0 0 0
1645491453 486 155 19 118 1 41 0 0 20 0 0 0 0 0
1645491497 487 155 19 118 1 41 0 0 20 0 0 0 0 0
1645491576 487 155 19 118 1 42 0 0 20 0 0 0 0 0
1645492653 488 155 19 118 1 42 0 0 20 0 0 0 0 0
1645493225 488 155 19 118 1 43 0 0 20 0 0 0 0 0
1645500463 488 156 19 118 1 43 0 0 20 0 0 0 0 0
1645500467 488 157 19 118 1 43 0 0 20 0 0 0 0 0
1645500956 488 157 19 118 1 44 0 0 20 0 0 0 0 0
1645501606 488 157 19 118 1 45 0 0 20 0 0 0 0 0
1645501784 488 157 19 119 1 45 0 0 20 0 0 0 0 0
1645501896 488 158 19 119 1 45 0 0 20 0 0 0 0 0
1645501902 488 159 19 119 1 45 0 0 20 0 0 0 0 0
1645502251 488 159 19 119 1 46 0 0 20 0 0 0 0 0
1645509039 488 159 19 120 1 46 0 0 20 0 0 0 0 0
1645509048 488 159 19 121 1 46 0 0 20 0 0 0 0 0
1645517248 488 159 19 122 1 46 0 0 20 0 0 0 0 0
1645522932 489 159 19 122 1 46 0 0 20 0 0 0 0 0
1645522937 490 159 19 122 1 46 0 0 20 0 0 0 0 0
1645523893 490 160 19 122 1 46 0 0 20 0 0 0 0 0
1645540111 490 160 19 122 1 46 0 0 20 0 0 0 0 1
1645603104 491 160 19 122 1 46 0 0 20 0 0 0 0 1
1645603126 492 160 19 122 1 46 0 0 20 0 0 0 0 1
1645608171 492 160 19 123 1 46 0 0 20 0 0 0 0 1
1645608298 492 160 19 124 1 46 0 0 20 0 0 0 0 1
1645673032 493 160 19 124 1 46 0 0 20 0 0 0 0 1
1645673040 494 160 19 124 1 46 0 0 20 0 0 0 0 1
1645681872 495 160 19 124 1 46 0 0 20 0 0 0 0 1
1645682494 495 160 19 125 1 46 0 0 20 0 0 0 0 1
1645682503 495 160 19 126 1 46 0 0 20 0 0 0 0 1
1645687686 495 161 19 126 1 46 0 0 20 0 0 0 0 1
1645687690 495 162 19 126 1 46 0 0 20 0 0 0 0 1
1645688510 496 162 19 126 1 46 0 0 20 0 0 0 0 1
1645688515 497 162 19 126 1 46 0 0 20 0 0 0 0 1
1645688609 497 163 19 126 1 46 0 0 20 0 0 0 0 1
1645692321 497 164 19 126 1 46 0 0 20 0 0 0 0 1
1645698385 498 164 19 126 1 46 0 0 20 0 0 0 0 1
1645698391 499 164 19 126 1 46 0 0 20 0 0 0 0 1
1645703031 500 164 19 126 1 46 0 0 20 0 0 0 0 1
1645703080 501 164 19 126 1 46 0 0 20 0 0 0 0 1
1645751399 501 164 19 127 1 46 0 0 20 0 0 0 0 1
1645752174 501 164 19 128 1 46 0 0 20 0 0 0 0 1
1645769871 502 164 19 128 1 46 0 0 20 0 0 0 0 1
1645790067 503 164 19 128 1 46 0 0 20 0 0 0 0 1
1646012051 503 164 19 129 1 46 0 0 20 0 0 0 0 1
1646013655 503 164 19 130 1 46 0 0 20 0 0 0 0 1
1646033519 503 164 19 131 1 46 0 0 20 0 0 0 0 1
1646038345 504 164 19 131 1 46 0 0 20 0 0 0 0 1
1646038353 505 164 19 131 1 46 0 0 20 0 0 0 0 1
1646040394 506 164 19 131 1 46 0 0 20 0 0 0 0 1
1646043252 506 164 19 132 1 46 0 0 20 0 0 0 0 1
1646044603 507 164 19 132 1 46 0 0 20 0 0 0 0 1
1646044608 508 164 19 132 1 46 0 0 20 0 0 0 0 1
1646096171 508 164 19 133 1 46 0 0 20 0 0 0 0 1
1646099098 508 164 19 134 1 46 0 0 20 0 0 0 0 1
1646106255 508 164 19 135 1 46 0 0 20 0 0 0 0 1
1646110288 508 164 20 135 1 46 0 0 20 0 0 0 0 1
1646114035 509 164 20 135 1 46 0 0 20 0 0 0 0 1
1646114041 510 164 20 135 1 46 0 0 20 0 0 0 0 1
1646114528 510 164 21 135 1 46 0 0 20 0 0 0 0 1
1646115548 511 164 21 135 1 46 0 0 20 0 0 0 0 1
1646115553 512 164 21 135 1 46 0 0 20 0 0 0 0 1
1646123489 512 164 22 135 1 46 0 0 20 0 0 0 0 1
1646127614 512 164 23 135 1 46 0 0 20 0 0 0 0 1
1646192396 512 164 23 136 1 46 0 0 20 0 0 0 0 1
1646192408 512 164 23 137 1 46 0 0 20 0 0 0 0 1
1646192528 512 164 23 138 1 46 0 0 20 0 0 0 0 1
1646199324 512 164 23 138 1 47 0 0 20 0 0 0 0 1
1646199345 512 164 23 138 1 48 0 0 20 0 0 0 0 1
1646200709 513 164 23 138 1 48 0 0 20 0 0 0 0 1
1646200764 514 164 23 138 1 48 0 0 20 0 0 0 0 1
1646204319 514 164 23 139 1 48 0 0 20 0 0 0 0 1
1646205064 514 164 23 140 1 48 0 0 20 0 0 0 0 1
1646205226 514 164 23 141 1 48 0 0 20 0 0 0 0 1
1646268304 514 164 23 142 1 48 0 0 20 0 0 0 0 1
1646272711 515 164 23 142 1 48 0 0 20 0 0 0 0 1
1646272779 516 164 23 142 1 48 0 0 20 0 0 0 0 1
1646273196 516 164 23 143 1 48 0 0 20 0 0 0 0 1
1646279278 516 164 23 144 1 48 0 0 20 0 0 0 0 1
1646291382 516 164 23 144 1 49 0 0 20 0 0 0 0 1
1646291501 516 164 23 145 1 49 0 0 20 0 0 0 0 1
1646296994 516 164 23 146 1 49 0 0 20 0 0 0 0 1
1646298780 516 164 23 147 1 49 0 0 20 0 0 0 0 1
1646300965 517 164 23 147 1 49 0 0 20 0 0 0 0 1
1646300970 518 164 23 147 1 49 0 0 20 0 0 0 0 1
1646305178 518 164 23 148 1 49 0 0 20 0 0 0 0 1
1646305196 518 164 23 149 1 49 0 0 20 0 0 0 0 1
1646307637 518 164 24 149 1 49 0 0 20 0 0 0 0 1
1646307645 518 164 25 149 1 49 0 0 20 0 0 0 0 1
1646307917 518 164 26 149 1 49 0 0 20 0 0 0 0 1
1646355463 518 164 26 149 1 50 0 0 20 0 0 0 0 1
1646355473 518 164 26 149 1 51 0 0 20 0 0 0 0 1
1646356257 518 164 27 149 1 51 0 0 20 0 0 0 0 1
1646360087 518 164 27 150 1 51 0 0 20 0 0 0 0 1
1646363493 518 164 28 150 1 51 0 0 20 0 0 0 0 1
1646365289 518 164 28 151 1 51 0 0 20 0 0 0 0 1
1646365322 518 164 28 152 1 51 0 0 20 0 0 0 0 1
1646372092 518 164 28 152 1 52 0 0 20 0 0 0 0 1
1646372118 518 164 28 152 1 53 0 0 20 0 0 0 0 1
1646373756 518 164 28 153 1 53 0 0 20 0 0 0 0 1
1646384159 518 164 29 153 1 53 0 0 20 0 0 0 0 1
1646384721 518 164 29 153 1 54 0 0 20 0 0 0 0 1
1646384732 518 164 29 153 1 55 0 0 20 0 0 0 0 1
1646392486 518 164 30 153 1 55 0 0 20 0 0 0 0 1
1646447932 518 164 30 153 1 55 0 1 20 0 0 0 0 1
1646447944 518 164 30 153 1 55 0 2 20 0 0 0 0 1
1646461245 518 164 30 153 1 55 0 3 20 0 0 0 0 1
1646463172 518 164 30 153 1 55 0 4 20 0 0 0 0 1
1646613674 518 164 30 153 2 55 0 4 20 0 0 0 0 1
1646613686 518 164 30 153 3 55 0 4 20 0 0 0 0 1
1646613958 518 164 30 153 3 55 0 5 20 0 0 0 0 1
1646615845 518 164 30 153 3 55 0 6 20 0 0 0 0 1
1646616515 518 164 30 153 4 55 0 6 20 0 0 0 0 1
1646616519 518 164 30 153 5 55 0 6 20 0 0 0 0 1
1646617436 518 164 30 153 6 55 0 6 20 0 0 0 0 1
1646618556 518 164 30 153 7 55 0 6 20 0 0 0 0 1
1646633397 518 164 30 153 7 55 0 7 20 0 0 0 0 1
1646638115 518 164 30 153 7 55 0 8 20 0 0 0 0 1
1646640108 518 164 30 153 7 55 0 9 20 0 0 0 0 1
1646640118 518 164 30 153 7 55 0 10 20 0 0 0 0 1
1646641257 518 164 30 153 7 55 0 10 20 0 0 1 0 1
1646641274 518 164 30 153 7 55 0 10 20 0 0 2 0 1
1646641877 518 164 31 153 7 55 0 10 20 0 0 2 0 1
1646642552 518 164 31 153 7 55 0 11 20 0 0 2 0 1
1646644891 518 165 31 153 7 55 0 11 20 0 0 2 0 1
1646644895 518 166 31 153 7 55 0 11 20 0 0 2 0 1
1646645421 518 166 31 153 8 55 0 11 20 0 0 2 0 1
1646645426 518 166 31 153 9 55 0 11 20 0 0 2 0 1
1646650835 518 166 31 153 9 55 0 12 20 0 0 2 0 1
1646650850 518 166 31 153 9 55 0 13 20 0 0 2 0 1
1646705199 518 166 31 153 9 55 0 14 20 0 0 2 0 1
1646705472 518 166 31 153 9 55 0 14 20 0 0 3 0 1
1646706985 518 167 31 153 9 55 0 14 20 0 0 3 0 1
1646706990 518 168 31 153 9 55 0 14 20 0 0 3 0 1
1646709619 518 168 31 153 9 55 0 14 20 0 0 4 0 1
1646719099 518 168 32 153 9 55 0 14 20 0 0 4 0 1
1646719139 518 168 33 153 9 55 0 14 20 0 0 4 0 1
1646724110 518 168 34 153 9 55 0 14 20 0 0 4 0 1
1646725478 518 168 35 153 9 55 0 14 20 0 0 4 0 1
1646731869 518 169 35 153 9 55 0 14 20 0 0 4 0 1
1646731995 518 170 35 153 9 55 0 14 20 0 0 4 0 1
1646732515 518 170 35 153 9 55 0 15 20 0 0 4 0 1
1646732524 518 170 35 153 9 55 0 16 20 0 0 4 0 1
1646733956 518 170 35 153 9 55 0 16 20 0 0 5 0 1
1646736494 518 171 35 153 9 55 0 16 20 0 0 5 0 1
1646736498 518 172 35 153 9 55 0 16 20 0 0 5 0 1
1646789929 518 172 36 153 9 55 0 16 20 0 0 5 0 1
1646797370 518 172 36 153 9 55 0 16 20 0 0 6 0 1
1646797379 518 172 36 153 9 55 0 16 20 0 0 7 0 1
1646810418 518 172 36 153 10 55 0 16 20 0 0 7 0 1
1646810424 518 172 36 153 11 55 0 16 20 0 0 7 0 1
1646811324 518 172 37 153 11 55 0 16 20 0 0 7 0 1
1646818880 518 173 37 153 11 55 0 16 20 0 0 7 0 1
1646818890 518 174 37 153 11 55 0 16 20 0 0 7 0 1
1646819799 518 174 38 153 11 55 0 16 20 0 0 7 0 1
1646820085 518 175 38 153 11 55 0 16 20 0 0 7 0 1
1646820090 518 176 38 153 11 55 0 16 20 0 0 7 0 1
1646822463 518 176 38 153 11 55 0 17 20 0 0 7 0 1
1646822487 518 176 38 153 11 55 0 18 20 0 0 7 0 1
1646826231 518 176 38 153 11 55 0 18 20 0 0 8 0 1
1646880281 518 176 38 153 11 55 0 19 20 0 0 8 0 1
1646904320 518 176 39 153 11 55 0 19 20 0 0 8 0 1
1646905669 518 176 39 153 11 55 0 19 20 0 0 9 0 1
1646905719 518 176 39 153 11 55 0 19 20 0 0 10 0 1
1646909783 518 177 39 153 11 55 0 19 20 0 0 10 0 1
1646909788 518 178 39 153 11 55 0 19 20 0 0 10 0 1
1646915566 518 178 39 153 11 55 0 20 20 0 0 10 0 1
1646969054 518 178 39 153 12 55 0 20 20 0 0 10 0 1
1646969061 518 178 39 153 13 55 0 20 20 0 0 10 0 1
1646977774 518 178 40 153 13 55 0 20 20 0 0 10 0 1
1646977907 518 179 40 153 13 55 0 20 20 0 0 10 0 1
1646977984 518 180 40 153 13 55 0 20 20 0 0 10 0 1
1646978355 518 180 40 153 14 55 0 20 20 0 0 10 0 1
1646978362 518 180 40 153 15 55 0 20 20 0 0 10 0 1
1646980597 518 180 41 153 15 55 0 20 20 0 0 10 0 1
1646980612 518 180 42 153 15 55 0 20 20 0 0 10 0 1
1646981348 518 180 43 153 15 55 0 20 20 0 0 10 0 1
1646985266 518 180 44 153 15 55 0 20 20 0 0 10 0 1
1646989717 518 180 44 153 15 55 0 21 20 0 0 10 0 1
1646994299 518 181 44 153 15 55 0 21 20 0 0 10 0 1
1646994303 518 182 44 153 15 55 0 21 20 0 0 10 0 1
1646997118 518 182 44 153 16 55 0 21 20 0 0 10 0 1
1646997127 518 182 44 153 17 55 0 21 20 0 0 10 0 1
1646997201 518 182 44 153 18 55 0 21 20 0 0 10 0 1
1647068903 518 182 44 153 19 55 0 21 20 0 0 10 0 1
1647068950 518 182 44 153 20 55 0 21 20 0 0 10 0 1
1647071648 518 182 44 153 21 55 0 21 20 0 0 10 0 1
1647218433 518 182 44 153 22 55 0 21 20 0 0 10 0 1
1647219017 518 182 45 153 22 55 0 21 20 0 0 10 0 1
1647226775 518 182 45 153 23 55 0 21 20 0 0 10 0 1
1647226781 518 182 45 153 24 55 0 21 20 0 0 10 0 1
1647229869 518 182 45 153 25 55 0 21 20 0 0 10 0 1
1647241693 518 183 45 153 25 55 0 21 20 0 0 10 0 1
1647241697 518 184 45 153 25 55 0 21 20 0 0 10 0 1
1647246794 518 184 45 153 26 55 0 21 20 0 0 10 0 1
1647246799 518 184 45 153 27 55 0 21 20 0 0 10 0 1
1647252552 518 184 45 153 28 55 0 21 20 0 0 10 0 1
1647252561 518 185 45 153 28 55 0 21 20 0 0 10 0 1
1647252567 518 186 45 153 28 55 0 21 20 0 0 10 0 1
1647252658 518 186 45 153 28 56 0 21 20 0 0 10 0 1
1647252738 518 186 45 153 28 57 0 21 20 0 0 10 0 1
1647252748 518 186 45 153 28 58 0 21 20 0 0 10 0 1
1647253042 518 187 45 153 28 58 0 21 20 0 0 10 0 1
1647253053 518 188 45 153 28 58 0 21 20 0 0 10 0 1
1647253152 518 188 45 153 28 58 0 22 20 0 0 10 0 1
1647253565 518 188 45 153 28 58 0 23 20 0 0 10 0 1
1647253598 518 189 45 153 28 58 0 23 20 0 0 10 0 1
1647253637 518 190 45 153 28 58 0 23 20 0 0 10 0 1
1647253641 518 191 45 153 28 58 0 23 20 0 0 10 0 1
1647254096 518 191 45 153 29 58 0 23 20 0 0 10 0 1
1647255078 518 191 46 153 29 58 0 23 20 0 0 10 0 1
1647255082 518 191 47 153 29 58 0 23 20 0 0 10 0 1
1647255630 518 191 48 153 29 58 0 23 20 0 0 10 0 1
1647256612 518 191 48 153 30 58 0 23 20 0 0 10 0 1
1647256627 518 191 49 153 30 58 0 23 20 0 0 10 0 1
1647256649 518 191 49 153 31 58 0 23 20 0 0 10 0 1
1647262293 518 191 49 153 32 58 0 23 20 0 0 10 0 1
1647262395 518 191 50 153 32 58 0 23 20 0 0 10 0 1
1647262493 518 191 51 153 32 58 0 23 20 0 0 10 0 1
1647304881 518 191 51 153 32 59 0 23 20 0 0 10 0 1
1647309525 518 191 51 153 32 60 0 23 20 0 0 10 0 1
1647309840 518 192 51 153 32 60 0 23 20 0 0 10 0 1
1647312090 518 192 52 153 32 60 0 23 20 0 0 10 0 1
1647312097 518 192 53 153 32 60 0 23 20 0 0 10 0 1
1647313791 518 193 53 153 32 60 0 23 20 0 0 10 0 1
1647313795 518 194 53 153 32 60 0 23 20 0 0 10 0 1
1647315828 518 194 53 153 32 61 0 23 20 0 0 10 0 1
1647315836 518 194 53 153 32 62 0 23 20 0 0 10 0 1
1647322265 518 194 54 153 32 62 0 23 20 0 0 10 0 1
1647322277 518 194 55 153 32 62 0 23 20 0 0 10 0 1
1647323516 518 194 55 153 32 63 0 23 20 0 0 10 0 1
1647323527 518 194 55 153 32 64 0 23 20 0 0 10 0 1
1647323826 518 194 55 153 33 64 0 23 20 0 0 10 0 1
1647323830 518 194 55 153 34 64 0 23 20 0 0 10 0 1
1647323878 518 195 55 153 34 64 0 23 20 0 0 10 0 1
1647324328 518 196 55 153 34 64 0 23 20 0 0 10 0 1
1647324359 518 197 55 153 34 64 0 23 20 0 0 10 0 1
1647324888 518 198 55 153 34 64 0 23 20 0 0 10 0 1
1647325076 518 198 56 153 34 64 0 23 20 0 0 10 0 1
1647325092 518 198 57 153 34 64 0 23 20 0 0 10 0 1
1647325131 518 198 57 153 34 65 0 23 20 0 0 10 0 1
1647325151 518 198 57 153 34 66 0 23 20 0 0 10 0 1
1647325577 518 199 57 153 34 66 0 23 20 0 0 10 0 1
1647325581 518 200 57 153 34 66 0 23 20 0 0 10 0 1
1647326207 518 200 57 153 34 67 0 23 20 0 0 10 0 1
1647326214 518 200 57 153 34 68 0 23 20 0 0 10 0 1
1647328214 518 200 57 153 34 69 0 23 20 0 0 10 0 1
1647329113 518 200 57 153 34 70 0 23 20 0 0 10 0 1
1647330349 518 200 58 153 34 70 0 23 20 0 0 10 0 1
1647330357 518 200 59 153 34 70 0 23 20 0 0 10 0 1
1647331452 518 200 59 153 34 70 0 23 20 0 0 11 0 1
1647336183 518 200 60 153 34 70 0 23 20 0 0 11 0 1
1647336363 518 201 60 153 34 70 0 23 20 0 0 11 0 1
1647336367 518 202 60 153 34 70 0 23 20 0 0 11 0 1
1647337080 518 202 61 153 34 70 0 23 20 0 0 11 0 1
1647337086 518 202 62 153 34 70 0 23 20 0 0 11 0 1
1647342447 518 202 63 153 34 70 0 23 20 0 0 11 0 1
1647342694 518 202 63 153 34 71 0 23 20 0 0 11 0 1
1647342923 518 202 64 153 34 71 0 23 20 0 0 11 0 1
1647343008 518 202 65 153 34 71 0 23 20 0 0 11 0 1
1647343010 518 202 65 153 34 72 0 23 20 0 0 11 0 1
1647343107 518 202 65 153 34 73 0 23 20 0 0 11 0 1
1647343917 518 202 65 153 34 74 0 23 20 0 0 11 0 1
1647343986 518 202 66 153 34 74 0 23 20 0 0 11 0 1
1647343990 518 202 67 153 34 74 0 23 20 0 0 11 0 1
1647394815 518 202 67 153 34 74 1 23 20 0 0 11 0 1
1647398767 518 202 68 153 34 74 1 23 20 0 0 11 0 1
1647398775 518 202 69 153 34 74 1 23 20 0 0 11 0 1
1647406830 518 202 69 153 34 74 2 23 20 0 0 11 0 1
1647415568 518 202 70 153 34 74 2 23 20 0 0 11 0 1
1647415574 518 202 71 153 34 74 2 23 20 0 0 11 0 1
1647420901 518 203 71 153 34 74 2 23 20 0 0 11 0 1
1647421004 518 204 71 153 34 74 2 23 20 0 0 11 0 1
1647421048 518 205 71 153 34 74 2 23 20 0 0 11 0 1
1647422778 518 205 71 153 34 74 3 23 20 0 0 11 0 1
1647423819 518 205 72 153 34 74 3 23 20 0 0 11 0 1
1647423826 518 205 73 153 34 74 3 23 20 0 0 11 0 1
1647424213 518 206 73 153 34 74 3 23 20 0 0 11 0 1
1647424216 518 207 73 153 34 74 3 23 20 0 0 11 0 1
1647424287 518 207 74 153 34 74 3 23 20 0 0 11 0 1
1647424292 518 207 75 153 34 74 3 23 20 0 0 11 0 1
1647426164 518 207 75 153 34 74 4 23 20 0 0 11 0 1
1647426567 518 207 76 153 34 74 4 23 20 0 0 11 0 1
1647481459 518 207 76 153 35 74 4 23 20 0 0 11 0 1
1647486367 518 207 77 153 35 74 4 23 20 0 0 11 0 1
1647486375 518 207 78 153 35 74 4 23 20 0 0 11 0 1
1647489847 518 207 78 153 35 74 5 23 20 0 0 11 0 1
1647493321 518 207 79 153 35 74 5 23 20 0 0 11 0 1
1647493326 518 207 80 153 35 74 5 23 20 0 0 11 0 1
1647495341 518 207 80 153 36 74 5 23 20 0 0 11 0 1
1647495352 518 207 80 153 37 74 5 23 20 0 0 11 0 1
1647495872 518 207 80 153 38 74 5 23 20 0 0 11 0 1
1647495939 518 208 80 153 38 74 5 23 20 0 0 11 0 1
1647495944 518 209 80 153 38 74 5 23 20 0 0 11 0 1
1647496376 518 210 80 153 38 74 5 23 20 0 0 11 0 1
1647497562 518 211 80 153 38 74 5 23 20 0 0 11 0 1
1647501785 518 211 80 153 39 74 5 23 20 0 0 11 0 1
1647501790 518 211 80 153 40 74 5 23 20 0 0 11 0 1
1647502005 518 212 80 153 40 74 5 23 20 0 0 11 0 1
1647502009 518 213 80 153 40 74 5 23 20 0 0 11 0 1
1647503899 518 213 80 153 41 74 5 23 20 0 0 11 0 1
1647503903 518 213 80 153 42 74 5 23 20 0 0 11 0 1
1647503964 518 213 80 153 43 74 5 23 20 0 0 11 0 1
1647504102 518 213 80 153 44 74 5 23 20 0 0 11 0 1
1647505540 518 214 80 153 44 74 5 23 20 0 0 11 0 1
1647505544 518 215 80 153 44 74 5 23 20 0 0 11 0 1
1647510404 518 216 80 153 44 74 5 23 20 0 0 11 0 1
1647510894 518 217 80 153 44 74 5 23 20 0 0 11 0 1
1647510944 518 217 80 153 44 74 5 24 20 0 0 11 0 1
1647510970 518 217 80 153 44 74 5 25 20 0 0 11 0 1
1647516714 518 217 81 153 44 74 5 25 20 0 0 11 0 1
1647516719 518 217 82 153 44 74 5 25 20 0 0 11 0 1
1647517533 518 217 82 153 44 74 6 25 20 0 0 11 0 1
1647517657 518 217 82 153 44 74 7 25 20 0 0 11 0 1
1647565108 518 217 82 153 44 74 8 25 20 0 0 11 0 1
1647567428 518 217 83 153 44 74 8 25 20 0 0 11 0 1
1647567432 518 217 84 153 44 74 8 25 20 0 0 11 0 1
1647567435 518 217 84 153 44 74 8 26 20 0 0 11 0 1
1647567444 518 217 84 153 44 74 8 27 20 0 0 11 0 1
1647567519 518 217 84 153 45 74 8 27 20 0 0 11 0 1
1647567551 518 217 84 153 45 74 8 28 20 0 0 11 0 1
1647567615 518 217 85 153 45 74 8 28 20 0 0 11 0 1
1647567928 518 217 85 153 46 74 8 28 20 0 0 11 0 1
1647567933 518 217 85 153 47 74 8 28 20 0 0 11 0 1
1647569147 518 218 85 153 47 74 8 28 20 0 0 11 0 1
1647569162 518 219 85 153 47 74 8 28 20 0 0 11 0 1
1647569166 518 220 85 153 47 74 8 28 20 0 0 11 0 1
1647569191 518 220 85 153 48 74 8 28 20 0 0 11 0 1
1647569672 518 220 86 153 48 74 8 28 20 0 0 11 0 1
1647569676 518 220 87 153 48 74 8 28 20 0 0 11 0 1
1647570382 518 221 87 153 48 74 8 28 20 0 0 11 0 1
1647570386 518 222 87 153 48 74 8 28 20 0 0 11 0 1
1647572602 518 223 87 153 48 74 8 28 20 0 0 11 0 1
1647574742 518 223 87 153 48 74 9 28 20 0 0 11 0 1
1647574752 518 223 87 153 48 74 10 28 20 0 0 11 0 1
1647579210 518 223 88 153 48 74 10 28 20 0 0 11 0 1
1647579314 518 223 89 153 48 74 10 28 20 0 0 11 0 1
1647580407 518 224 89 153 48 74 10 28 20 0 0 11 0 1
1647580413 518 225 89 153 48 74 10 28 20 0 0 11 0 1
1647580455 518 225 90 153 48 74 10 28 20 0 0 11 0 1
1647580459 518 225 91 153 48 74 10 28 20 0 0 11 0 1
1647582160 518 226 91 153 48 74 10 28 20 0 0 11 0 1
1647582164 518 227 91 153 48 74 10 28 20 0 0 11 0 1
1647582370 518 228 91 153 48 74 10 28 20 0 0 11 0 1
1647582959 518 229 91 153 48 74 10 28 20 0 0 11 0 1
1647583360 518 229 91 153 49 74 10 28 20 0 0 11 0 1
1647583527 518 229 91 153 49 74 11 28 20 0 0 11 0 1
1647583536 518 229 91 153 49 74 12 28 20 0 0 11 0 1
1647583570 518 229 91 153 50 74 12 28 20 0 0 11 0 1
1647584098 518 229 92 153 50 74 12 28 20 0 0 11 0 1
1647584110 518 229 93 153 50 74 12 28 20 0 0 11 0 1
1647584168 518 229 93 153 51 74 12 28 20 0 0 11 0 1
1647586081 518 229 94 153 51 74 12 28 20 0 0 11 0 1
1647586179 518 230 94 153 51 74 12 28 20 0 0 11 0 1
1647586182 518 231 94 153 51 74 12 28 20 0 0 11 0 1
1647586427 518 231 95 153 51 74 12 28 20 0 0 11 0 1
1647586432 518 231 96 153 51 74 12 28 20 0 0 11 0 1
1647590459 518 231 97 153 51 74 12 28 20 0 0 11 0 1
1647592174 518 231 97 153 51 74 13 28 20 0 0 11 0 1
1647592264 518 231 97 153 51 74 14 28 20 0 0 11 0 1
1647592562 518 231 97 153 51 74 15 28 20 0 0 11 0 1
1647592616 518 231 97 153 52 74 15 28 20 0 0 11 0 1
1647593004 518 231 98 153 52 74 15 28 20 0 0 11 0 1
1647593008 518 231 99 153 52 74 15 28 20 0 0 11 0 1
1647593794 518 232 99 153 52 74 15 28 20 0 0 11 0 1
1647593802 518 233 99 153 52 74 15 28 20 0 0 11 0 1
1647595609 518 234 99 153 52 74 15 28 20 0 0 11 0 1
1647595858 518 234 100 153 52 74 15 28 20 0 0 11 0 1
1647595863 518 234 101 153 52 74 15 28 20 0 0 11 0 1
1647596081 518 234 101 153 52 74 16 28 20 0 0 11 0 1
1647596090 518 234 101 153 52 74 17 28 20 0 0 11 0 1
1647597056 518 234 102 153 52 74 17 28 20 0 0 11 0 1
1647597061 518 234 103 153 52 74 17 28 20 0 0 11 0 1
1647597558 518 235 103 153 52 74 17 28 20 0 0 11 0 1
1647597561 518 236 103 153 52 74 17 28 20 0 0 11 0 1
1647601594 518 236 103 153 53 74 17 28 20 0 0 11 0 1
1647605310 518 236 103 153 54 74 17 28 20 0 0 11 0 1
1647652403 518 236 104 153 54 74 17 28 20 0 0 11 0 1
1647652411 518 236 105 153 54 74 17 28 20 0 0 11 0 1
1647653943 518 236 106 153 54 74 17 28 20 0 0 11 0 1
1647657103 518 236 107 153 54 74 17 28 20 0 0 11 0 1
1647657696 518 236 107 153 54 74 18 28 20 0 0 11 0 1
1647657710 518 236 107 153 54 74 19 28 20 0 0 11 0 1
1647660485 518 236 107 153 54 74 20 28 20 0 0 11 0 1
1647661530 518 236 107 153 54 74 21 28 20 0 0 11 0 1
1647661804 518 236 108 153 54 74 21 28 20 0 0 11 0 1
1647661809 518 236 109 153 54 74 21 28 20 0 0 11 0 1
1647663058 518 237 109 153 54 74 21 28 20 0 0 11 0 1
1647663064 518 238 109 153 54 74 21 28 20 0 0 11 0 1
1647663176 518 238 110 153 54 74 21 28 20 0 0 11 0 1
1647663181 518 238 111 153 54 74 21 28 20 0 0 11 0 1
1647663903 518 238 111 153 54 74 22 28 20 0 0 11 0 1
1647663910 518 238 111 153 54 74 23 28 20 0 0 11 0 1
1647663961 518 238 112 153 54 74 23 28 20 0 0 11 0 1
1647663965 518 238 113 153 54 74 23 28 20 0 0 11 0 1
1647667828 518 238 114 153 54 74 23 28 20 0 0 11 0 1
1647668167 518 239 114 153 54 74 23 28 20 0 0 11 0 1
1647668170 518 240 114 153 54 74 23 28 20 0 0 11 0 1
1647670514 518 240 115 153 54 74 23 28 20 0 0 11 0 1
1647670518 518 240 116 153 54 74 23 28 20 0 0 11 0 1
1647675522 518 240 116 153 54 74 24 28 20 0 0 11 0 1
1647675542 518 240 116 153 54 74 25 28 20 0 0 11 0 1
1647676144 518 241 116 153 54 74 25 28 20 0 0 11 0 1
1647676151 518 242 116 153 54 74 25 28 20 0 0 11 0 1
1647676200 518 243 116 153 54 74 25 28 20 0 0 11 0 1
1647676483 518 243 117 153 54 74 25 28 20 0 0 11 0 1
1647676531 518 243 118 153 54 74 25 28 20 0 0 11 0 1
1647677149 518 243 118 153 54 74 26 28 20 0 0 11 0 1
1647677161 518 243 118 153 54 74 27 28 20 0 0 11 0 1
1647677623 518 243 118 153 55 74 27 28 20 0 0 11 0 1
1647677908 518 243 118 153 56 74 27 28 20 0 0 11 0 1
1647678104 518 243 119 153 56 74 27 28 20 0 0 11 0 1
1647678111 518 243 120 153 56 74 27 28 20 0 0 11 0 1
1647679291 518 244 120 153 56 74 27 28 20 0 0 11 0 1
1647679294 518 245 120 153 56 74 27 28 20 0 0 11 0 1
1647684283 518 245 120 153 56 74 28 28 20 0 0 11 0 1
1647684492 518 245 120 153 56 74 29 28 20 0 0 11 0 1
1647686453 518 245 120 153 56 74 30 28 20 0 0 11 0 1
1647686502 518 245 120 153 57 74 30 28 20 0 0 11 0 1
1647686506 518 245 120 153 58 74 30 28 20 0 0 11 0 1
1647687483 518 245 121 153 58 74 30 28 20 0 0 11 0 1
1647687487 518 245 122 153 58 74 30 28 20 0 0 11 0 1
1647688484 518 245 122 153 58 74 31 28 20 0 0 11 0 1
1647688492 518 245 122 153 58 74 32 28 20 0 0 11 0 1
1647688538 518 245 123 153 58 74 32 28 20 0 0 11 0 1
1647688547 518 245 124 153 58 74 32 28 20 0 0 11 0 1
1647689340 518 245 124 153 59 74 32 28 20 0 0 11 0 1
1647689345 518 245 124 153 60 74 32 28 20 0 0 11 0 1
1647689389 518 245 124 153 61 74 32 28 20 0 0 11 0 1
1647689615 518 245 124 153 61 74 33 28 20 0 0 11 0 1
1647689639 518 245 124 153 61 74 34 28 20 0 0 11 0 1
1647689687 518 245 125 153 61 74 34 28 20 0 0 11 0 1
1647689691 518 245 126 153 61 74 34 28 20 0 0 11 0 1
1647690366 518 245 126 153 61 74 35 28 20 0 0 11 0 1
1647690375 518 245 126 153 61 74 36 28 20 0 0 11 0 1
1647690558 518 245 127 153 61 74 36 28 20 0 0 11 0 1
1647690563 518 245 128 153 61 74 36 28 20 0 0 11 0 1
1647691993 518 246 128 153 61 74 36 28 20 0 0 11 0 1
1647691996 518 247 128 153 61 74 36 28 20 0 0 11 0 1
1647692497 518 247 128 153 61 74 37 28 20 0 0 11 0 1
1647692504 518 247 128 153 61 74 38 28 20 0 0 11 0 1
1647694257 518 247 129 153 61 74 38 28 20 0 0 11 0 1
1647694262 518 247 130 153 61 74 38 28 20 0 0 11 0 1
1647696509 518 248 130 153 61 74 38 28 20 0 0 11 0 1
1647696512 518 249 130 153 61 74 38 28 20 0 0 11 0 1
1647696535 518 249 131 153 61 74 38 28 20 0 0 11 0 1
1647696538 518 249 132 153 61 74 38 28 20 0 0 11 0 1
1647696659 518 250 132 153 61 74 38 28 20 0 0 11 0 1
1647696664 518 251 132 153 61 74 38 28 20 0 0 11 0 1
1647697816 518 252 132 153 61 74 38 28 20 0 0 11 0 1
1647698711 518 252 132 153 62 74 38 28 20 0 0 11 0 1
1647698717 518 252 132 153 63 74 38 28 20 0 0 11 0 1
1647700259 518 252 133 153 63 74 38 28 20 0 0 11 0 1
1647700264 518 252 134 153 63 74 38 28 20 0 0 11 0 1
1647700290 518 253 134 153 63 74 38 28 20 0 0 11 0 1
1647700303 518 254 134 153 63 74 38 28 20 0 0 11 0 1
1647701319 518 254 135 153 63 74 38 28 20 0 0 11 0 1
1647701323 518 254 136 153 63 74 38 28 20 0 0 11 0 1
1647701983 518 254 136 153 63 74 39 28 20 0 0 11 0 1
1647701991 518 254 136 153 63 74 40 28 20 0 0 11 0 1
1647703067 518 255 136 153 63 74 40 28 20 0 0 11 0 1
1647703070 518 256 136 153 63 74 40 28 20 0 0 11 0 1
1647703674 518 256 136 153 63 74 41 28 20 0 0 11 0 1
1647703685 518 256 136 153 63 74 42 28 20 0 0 11 0 1
1647704182 518 256 136 153 63 74 43 28 20 0 0 11 0 1
1647705535 518 256 137 153 63 74 43 28 20 0 0 11 0 1
1647705540 518 256 138 153 63 74 43 28 20 0 0 11 0 1
1647705940 518 256 138 153 63 74 44 28 20 0 0 11 0 1
1647705950 518 256 138 153 63 74 45 28 20 0 0 11 0 1
1647707326 518 256 138 153 63 74 46 28 20 0 0 11 0 1
1647707381 518 256 139 153 63 74 46 28 20 0 0 11 0 1
1647707387 518 256 140 153 63 74 46 28 20 0 0 11 0 1
1647711344 518 256 140 153 63 74 47 28 20 0 0 11 0 1
1647711354 518 256 140 153 63 74 48 28 20 0 0 11 0 1
1647713192 518 256 141 153 63 74 48 28 20 0 0 11 0 1
1647713197 518 256 142 153 63 74 48 28 20 0 0 11 0 1
1647719389 518 256 143 153 63 74 48 28 20 0 0 11 0 1
1647826961 518 256 143 153 63 74 48 29 20 0 0 11 0 1
1647909847 518 256 144 153 63 74 48 29 20 0 0 11 0 1
1647912160 518 256 145 153 63 74 48 29 20 0 0 11 0 1
1647913238 518 256 146 153 63 74 48 29 20 0 0 11 0 1
1647919002 518 257 146 153 63 74 48 29 20 0 0 11 0 1
1647919006 518 258 146 153 63 74 48 29 20 0 0 11 0 1
1647937717 518 258 146 153 63 74 49 29 20 0 0 11 0 1
1647938476 518 258 147 153 63 74 49 29 20 0 0 11 0 1
1647938530 518 258 148 153 63 74 49 29 20 0 0 11 0 1
1647939939 518 258 149 153 63 74 49 29 20 0 0 11 0 1
1647943792 518 259 149 153 63 74 49 29 20 0 0 11 0 1
1647943797 518 260 149 153 63 74 49 29 20 0 0 11 0 1
1647945597 518 260 149 153 63 74 50 29 20 0 0 11 0 1
1647945609 518 260 149 153 63 74 51 29 20 0 0 11 0 1
1647945658 518 260 150 153 63 74 51 29 20 0 0 11 0 1
1647945662 518 260 151 153 63 74 51 29 20 0 0 11 0 1
1647946476 518 260 151 153 63 74 52 29 20 0 0 11 0 1
1647951435 518 260 152 153 63 74 52 29 20 0 0 11 0 1
1647958604 518 260 153 153 63 74 52 29 20 0 0 11 0 1
1647995636 518 260 154 153 63 74 52 29 20 0 0 11 0 1
1647996997 518 260 155 153 63 74 52 29 20 0 0 11 0 1
1647997330 518 260 155 153 63 74 53 29 20 0 0 11 0 1
1648014734 518 260 156 153 63 74 53 29 20 0 0 11 0 1
1648014741 518 260 157 153 63 74 53 29 20 0 0 11 0 1
1648026221 518 261 157 153 63 74 53 29 20 0 0 11 0 1
1648026226 518 262 157 153 63 74 53 29 20 0 0 11 0 1
1648027037 518 263 157 153 63 74 53 29 20 0 0 11 0 1
1648027966 518 263 158 153 63 74 53 29 20 0 0 11 0 1
1648027970 518 263 159 153 63 74 53 29 20 0 0 11 0 1
1648028481 518 263 159 153 63 74 53 30 20 0 0 11 0 1
1648028588 518 263 159 153 63 74 54 30 20 0 0 11 0 1
1648028610 518 263 159 153 63 74 55 30 20 0 0 11 0 1
1648029244 518 264 159 153 63 74 55 30 20 0 0 11 0 1
1648029249 518 265 159 153 63 74 55 30 20 0 0 11 0 1
1648033938 518 266 159 153 63 74 55 30 20 0 0 11 0 1
1648035097 518 266 159 153 63 74 56 30 20 0 0 11 0 1
1648036797 518 266 160 153 63 74 56 30 20 0 0 11 0 1
1648036841 518 266 161 153 63 74 56 30 20 0 0 11 0 1
1648042118 518 266 162 153 63 74 56 30 20 0 0 11 0 1
1648045499 518 266 163 153 63 74 56 30 20 0 0 11 0 1
1648050809 518 266 164 153 63 74 56 30 20 0 0 11 0 1
1648054773 518 266 165 153 63 74 56 30 20 0 0 11 0 1
1648055083 518 266 165 153 63 74 57 30 20 0 0 11 0 1
1648055480 518 266 166 153 63 74 57 30 20 0 0 11 0 1
1648056123 518 266 167 153 63 74 57 30 20 0 0 11 0 1
1648083169 518 266 168 153 63 74 57 30 20 0 0 11 0 1
1648084831 518 266 169 153 63 74 57 30 20 0 0 11 0 1
1648086713 518 267 169 153 63 74 57 30 20 0 0 11 0 1
1648086718 518 268 169 153 63 74 57 30 20 0 0 11 0 1
1648086985 518 268 170 153 63 74 57 30 20 0 0 11 0 1
1648086990 518 268 171 153 63 74 57 30 20 0 0 11 0 1
1648087681 518 268 171 153 63 74 58 30 20 0 0 11 0 1
1648088726 518 268 172 153 63 74 58 30 20 0 0 11 0 1
1648088731 518 268 173 153 63 74 58 30 20 0 0 11 0 1
1648090636 518 268 173 153 63 74 59 30 20 0 0 11 0 1
1648094765 518 268 174 153 63 74 59 30 20 0 0 11 0 1
1648094777 518 268 175 153 63 74 59 30 20 0 0 11 0 1
1648102039 518 268 175 153 63 74 60 30 20 0 0 11 0 1
1648102263 518 268 176 153 63 74 60 30 20 0 0 11 0 1
1648102273 518 268 177 153 63 74 60 30 20 0 0 11 0 1
1648103255 518 268 177 153 63 74 61 30 20 0 0 11 0 1
1648103262 518 268 177 153 63 74 62 30 20 0 0 11 0 1
1648103319 518 268 178 153 63 74 62 30 20 0 0 11 0 1
1648103326 518 268 179 153 63 74 62 30 20 0 0 11 0 1
1648107123 518 268 180 153 63 74 62 30 20 0 0 11 0 1
1648107376 518 268 180 153 63 74 63 30 20 0 0 11 0 1
1648107384 518 268 180 153 63 74 64 30 20 0 0 11 0 1
1648117671 518 269 180 153 63 74 64 30 20 0 0 11 0 1
1648117675 518 270 180 153 63 74 64 30 20 0 0 11 0 1
1648118140 518 271 180 153 63 74 64 30 20 0 0 11 0 1
1648123788 518 271 181 153 63 74 64 30 20 0 0 11 0 1
1648123798 518 271 182 153 63 74 64 30 20 0 0 11 0 1
1648130998 518 271 183 153 63 74 64 30 20 0 0 11 0 1
1648168783 518 271 183 153 63 74 64 31 20 0 0 11 0 1
1648168793 518 271 183 153 63 74 64 32 20 0 0 11 0 1
1648169069 518 271 183 153 63 74 65 32 20 0 0 11 0 1
1648169638 518 271 183 153 63 74 65 33 20 0 0 11 0 1
1648169647 518 271 183 153 63 74 65 34 20 0 0 11 0 1
1648171785 518 271 184 153 63 74 65 34 20 0 0 11 0 1
1648171831 518 271 185 153 63 74 65 34 20 0 0 11 0 1
1648194266 518 272 185 153 63 74 65 34 20 0 0 11 0 1
1648194270 518 273 185 153 63 74 65 34 20 0 0 11 0 1
1648195913 518 274 185 153 63 74 65 34 20 0 0 11 0 1
1648281660 518 275 185 153 63 74 65 34 20 0 0 11 0 1
1648535484 518 275 185 153 64 74 65 34 20 0 0 11 0 1
1648624868 518 276 185 153 64 74 65 34 20 0 0 11 0 1
1648627967 518 277 185 153 64 74 65 34 20 0 0 11 0 1
1648629730 518 278 185 153 64 74 65 34 20 0 0 11 0 1
1648632612 518 279 185 153 64 74 65 34 20 0 0 11 0 1
1648633322 518 280 185 153 64 74 65 34 20 0 0 11 0 1
1648633827 518 280 185 153 65 74 65 34 20 0 0 11 0 1
1648633831 518 280 185 153 66 74 65 34 20 0 0 11 0 1
1648638340 518 280 185 153 67 74 65 34 20 0 0 11 0 1
1648797043 518 280 185 153 67 74 66 34 20 0 0 11 0 1
1648804160 518 280 185 153 67 74 67 34 20 0 0 11 0 1
1648814993 518 280 185 153 67 74 68 34 20 0 0 11 0 1
1648864618 518 280 185 153 67 74 69 34 20 0 0 11 0 1
1648865049 518 281 185 153 67 74 69 34 20 0 0 11 0 1
1648865053 518 282 185 153 67 74 69 34 20 0 0 11 0 1
1648865841 518 283 185 153 67 74 69 34 20 0 0 11 0 1
1648888406 518 283 185 153 68 74 69 34 20 0 0 11 0 1
1648889296 518 283 185 153 69 74 69 34 20 0 0 11 0 1
1649212237 518 283 185 153 69 74 70 34 20 0 0 11 0 1
1649320324 518 283 185 153 70 74 70 34 20 0 0 11 0 1
1649323122 518 284 185 153 70 74 70 34 20 0 0 11 0 1
1649323126 518 285 185 153 70 74 70 34 20 0 0 11 0 1
1649406822 518 286 185 153 70 74 70 34 20 0 0 11 0 1
1649760859 518 286 185 153 70 74 70 34 20 0 1 11 0 1
1649760952 518 286 185 153 70 74 70 34 20 0 2 11 0 1
1649926924 518 286 185 153 71 74 70 34 20 0 2 11 0 1
1649927055 518 286 185 153 72 74 70 34 20 0 2 11 0 1
1649927120 518 286 185 153 73 74 70 34 20 0 2 11 0 1
1650084215 518 286 185 153 73 74 70 34 20 0 3 11 0 1
1650336974 518 286 185 153 73 74 70 34 20 0 4 11 0 1
1650347979 518 286 185 153 73 74 70 34 20 0 5 11 0 1
1650420851 518 286 186 153 73 74 70 34 20 0 5 11 0 1
1650421303 518 286 187 153 73 74 70 34 20 0 5 11 0 1
1650421381 518 286 188 153 73 74 70 34 20 0 5 11 0 1
1650439845 518 286 189 153 73 74 70 34 20 0 5 11 0 1
1650451026 518 286 190 153 73 74 70 34 20 0 5 11 0 1
1650541121 518 286 190 153 73 74 70 34 20 0 6 11 0 1
1650589369 518 286 191 153 73 74 70 34 20 0 6 11 0 1
1650591074 518 286 192 153 73 74 70 34 20 0 6 11 0 1
1650782431 518 286 192 153 73 74 70 34 20 0 7 11 0 1
1650854995 518 286 192 153 73 74 70 34 20 0 7 11 1 1
1650856393 518 286 192 153 73 74 70 34 20 0 7 11 2 1
1650876941 518 286 192 153 73 74 70 34 20 0 8 11 2 1
1650877013 518 286 192 153 73 74 70 34 20 0 9 11 2 1
1650938918 518 286 192 153 73 74 70 34 20 0 9 11 3 1
1650938936 518 286 192 153 73 74 70 34 20 0 9 11 4 1
1650965591 518 286 192 153 73 74 70 35 20 0 9 11 4 1
1651045751 519 286 192 153 73 74 70 35 20 0 9 11 4 1
1651045758 520 286 192 153 73 74 70 35 20 0 9 11 4 1
1651047884 521 286 192 153 73 74 70 35 20 0 9 11 4 1
1651136444 521 286 192 153 73 74 70 35 20 0 10 11 4 1
1651136457 521 286 192 153 73 74 70 35 20 0 11 11 4 1
1651730923 521 286 193 153 73 74 70 35 20 0 11 11 4 1
1651730998 521 286 194 153 73 74 70 35 20 0 11 11 4 1
1651734632 521 286 195 153 73 74 70 35 20 0 11 11 4 1
1651900075 521 286 196 153 73 74 70 35 20 0 11 11 4 1
1651900449 521 286 197 153 73 74 70 35 20 0 11 11 4 1
1651900466 521 286 198 153 73 74 70 35 20 0 11 11 4 1
1652059356 521 286 198 153 74 74 70 35 20 0 11 11 4 1
1652059402 521 286 198 153 75 74 70 35 20 0 11 11 4 1
1652061883 521 286 198 153 76 74 70 35 20 0 11 11 4 1
1652680956 521 286 199 153 76 74 70 35 20 0 11 11 4 1
1652680977 521 286 200 153 76 74 70 35 20 0 11 11 4 1
1652681039 521 286 201 153 76 74 70 35 20 0 11 11 4 1
1652681043 521 286 202 153 76 74 70 35 20 0 11 11 4 1
1652683139 521 286 202 153 77 74 70 35 20 0 11 11 4 1
1652683226 521 286 202 153 78 74 70 35 20 0 11 11 4 1
1652864332 521 286 203 153 78 74 70 35 20 0 11 11 4 1
1652864404 521 286 204 153 78 74 70 35 20 0 11 11 4 1
1652864459 521 286 204 153 79 74 70 35 20 0 11 11 4 1
1652864466 521 286 204 153 80 74 70 35 20 0 11 11 4 1
1652864572 521 286 204 153 81 74 70 35 20 0 11 11 4 1
1652942983 521 286 204 153 82 74 70 35 20 0 11 11 4 1
1653614900 521 286 204 153 83 74 70 35 20 0 11 11 4 1
1653903327 521 286 204 153 83 74 70 35 20 1 11 11 4 1
1653903415 521 286 204 153 83 74 70 35 20 2 11 11 4 1
1653957827 521 286 204 153 84 74 70 35 20 2 11 11 4 1
1653957832 521 286 204 153 85 74 70 35 20 2 11 11 4 1
1653960946 521 286 204 153 85 74 70 35 20 3 11 11 4 1
1653960950 521 286 204 153 85 74 70 35 20 4 11 11 4 1
1653968451 521 286 204 153 85 74 70 35 20 5 11 11 4 1
1653978295 521 286 204 153 85 74 70 35 20 6 11 11 4 1
1653990105 521 286 204 153 85 74 70 35 20 7 11 11 4 1
1654134626 521 286 204 153 85 74 70 35 20 8 11 11 4 1
1654164373 521 286 204 153 85 74 70 35 20 9 11 11 4 1
1654482215 521 286 204 153 86 74 70 35 20 9 11 11 4 1
1654482222 521 286 204 153 87 74 70 35 20 9 11 11 4 1
1654590758 521 286 204 153 87 74 70 35 20 10 11 11 4 1
1654590762 521 286 204 153 87 74 70 35 20 11 11 11 4 1
1654592206 521 286 204 153 87 74 70 35 20 12 11 11 4 1
1654739400 521 286 204 153 88 74 70 35 20 12 11 11 4 1
1654739408 521 286 204 153 89 74 70 35 20 12 11 11 4 1
