1614653078 3
1614653928 919150
1614654038 919150
1614654160 919150
1614654227 919150
1614654364 919150
1614678343 919217
1614760868 944720
1614761859 944719
1614762196 944719
1614762472 944719
1614764886 944040
1614764930 944040
1614817831 944051
1614825653 952370
1614829320 952370
1614838153 952370
1614845932 1229825
1614850019 1229825
1614850116 1229825
1614934566 1230157
1615205562 1264398
1615205662 1264398
1615253305 1264437
1615266796 1264429
1615271041 1264968
1615271871 1264967
1615338896 1264967
1615344395 1264988
1615345399 1265067
1615345963 1265068
1615355473 1265085
1615384161 1265151
1615777531 1265149
1615951281 1265149
1616552155 1265168
1616569188 1265200
1616727625 1265220
1616731418 1265220
1617095929 1265401
1617184485 1265413
1617185030 1354031
1617185072 1354031
1617676924 1357875
1617876411 295828
1617876477 295828
1618206646 296100
1618206739 296100
1618206769 296100
1618220060 296143
1618220752 296143
1618302514 296290
1618303149 296290
1618304015 296647
1618376178 384791
1618485688 384725
1618486696 384726
1618561050 384954
1618561931 384988
1618822841 385000
1618826598 384994
1618827960 384994
1618884914 385146
1618886682 385146
1618912291 387849
1618999231 391119
1619174213 459349
1619174222 459349
1619174405 459349
1619485738 459356
1619510715 485114
1619510800 485114
1619603386 485076
1619605892 485060
1619665225 485409
1619682408 485406
1620445172 485418
1620461283 513841
1620461352 513841
1620463060 513863
1620467072 513930
1620811082 513930
1620811339 613048
1620811930 613041
1620812201 613041
1620813656 613045
1620900400 613165
1621327401 640003
1621327465 640003
1621572481 640705
1621582995 640953
1621592300 641514
1621859319 641681
1621912851 642001
1622025146 642278
1622026714 642294
1622028235 642294
1622114425 671277
1622114475 671298
1622116993 671298
1622204511 647370
1622204521 647372
1622204561 647372
1622445332 647170
1622448761 647169
1622454843 647169
1622612478 670863
1622709775 670890
1623143402 597447
1623143534 597449
1623405653 598244
1623405723 598244
1623749681 604752
1623837059 729693
1623837183 729693
1623895172 729693
1623919864 730621
1623995374 730674
1624009098 730722
1624326094 730752
1624341207 730832
1624361932 730900
1624434787 732626
1624874243 733460
1624956721 733438
1625023150 733459
1625046361 734213
1625050694 734207
1625135250 738013
1625135381 738013
1625224365 740809
1625539118 741451
1625550601 741452
1625564782 741978
1625641617 648461
1625648733 648826
1625711353 648874
1625713176 648921
1625730177 652684
1625732478 652688
1625811987 652790
1625821324 652950
1625824490 652957
1626055704 653031
1626166945 655693
1626225302 656093
1626232012 668994
1626232045 668994
1626232479 669206
1626234486 669214
1626246252 669692
1626247036 669708
1626251701 669891
1626255990 669914
1626256491 669919
1626314554 669919
1626326024 685150
1626326028 685150
1626337340 685042
1626431006 685771
1626431010 926084
1626683202 926406
1626683206 928273
1626683514 928273
1626914802 930339
1626914805 1055297
1627265223 1056503
1627265234 1056749
1627282458 1057465
1627436567 1058481
1627436570 1063056
1627437445 1063260
1627444238 1063269
1627444607 1063269
1627446182 1063269
1627447722 1063310
1627536904 1064752
1627536908 1130352
1627547026 1130370
1627547029 1127760
1627704110 1127770
1627869621 1127817
1627872230 1127820
1627872468 1127814
1627872472 1130321
1627875267 1130311
1627875271 1130311
1627875650 1130311
1627892859 1130308
1627894948 1130326
1627953974 1130337
1627954774 1130386
1627960066 1130386
1628038205 1131364
1628038274 1131364
1628038285 1133378
1628038893 1133377
1628069507 1133961
1628069516 1136075
1628070085 1136075
1628070191 1136075
1628070195 1136234
1628070427 1136234
1628070975 1136234
1628152163 1136783
1628152169 1136882
1628152405 1136883
1628152740 1136883
1628153083 1136933
1628158689 1136933
1628221709 1138643
1628245083 1139761
1628245209 1139777
1628472983 1139758
1628479845 1139788
1628481208 1139791
1628495454 1140801
1628495562 1142933
1628558008 1143055
1628558018 1147570
1628558033 1148462
1628566952 1148555
1628646641 1149068
1628646645 1147192
1628653294 1147202
1628653304 1147199
1628666879 1147350
1628666882 1147355
1628816707 1148638
1628816783 1149502
1628816793 1150179
1628820077 1150108
1628820324 1150199
1629082761 1150836
1629082770 1151973
1629292272 1154022
1629292305 1045132
1629439239 1046152
1629439274 1040170
1629680007 1041165
1629680011 1041158
1629689284 1041344
1629704842 1041148
1629705643 1041124
1629712170 1041339
1629713758 1041352
1629718052 1041354
1629718152 1041448
1629799859 1057823
1629799863 1058736
1629861370 1058920
1629861374 1059788
1629886245 1059824
1629886736 1059856
1629886792 1059856
1629944727 1059856
1629945425 1059962
1629961694 1057172
1629972465 1057609
1629972469 1057763
1630033004 1057780
1630033009 1057780
1630054477 1059427
1630054481 1059443
1630056733 1059443
1630059570 1059443
1630063879 1059443
1630066203 1059443
1630068671 1059443
1630069314 1059443
1630288353 1059157
1630288401 1059157
1630289092 1059157
1630318831 1060973
1630318836 1060974
1630394443 1061308
1630394449 1061949
1630395547 1060695
1630398386 1060696
1630398420 1060794
1630410102 1061069
1630480794 1061117
1630480799 1061211
1630575175 1061169
1630575195 1061310
1630578232 1061310
1630579973 975931
1630892648 976172
1630892652 976256
1630922359 976417
1630922363 976460
1630990251 976505
1630990256 976533
1630990346 976519
1631009183 976666
1631009187 976651
1631064347 976942
1631169305 977158
1631169371 977971
1631169485 977971
1631170722 977952
1631170777 977952
1631273611 978048
1631273616 978269
1631753896 1398503
1631758672 1398522
1631763476 1398522
1631773488 1398695
1631776827 1398695
1631776831 1398710
1631789524 1399244
1631876829 1401508
1631957927 1401456
1631959903 1401456
1632376040 1437838
1632376090 1437838
1632385185 1437835
1632386949 1437846
1632468154 1438464
1632474710 1438464
1633923870 1690234
1633923877 1698368
1633940734 1698407
1633947809 1698486
1634003150 1698498
1634004493 1698498
1634205153 1698032
1634205221 1698125
1634205252 1698125
1634206065 1698133
1634264715 1698508
1634264734 1717630
1634265595 1717630
1634265946 1717630
1634289381 1717755
1634290547 1717811
1634527241 1718074
1634539365 1718075
1634539375 1718075
1634541437 1718075
1634563754 1718213
1634563760 1718217
1634902269 1723786
1634902325 1724081
1634902405 1724081
1637121014 1725559
1637121092 1980302
1637194100 1980554
1637195103 1980573
1637205839 1980646
1637206135 1980645
1637227183 1980453
1637234354 1393385
1637234422 1393385
1637300449 1393385
1637307750 1393350
1637309464 1393364
1637660397 1393656
1637819438 1395975
1637822917 1395980
1637828043 1396224
1637898084 1396224
1638179121 1396225
1638431666 1396230
1639389323 1400038
1639471790 1400050
1640078250 1400304
1640757703 1402290
1641970472 1403206
1641970520 1404466
1641977370 1404695
1642149047 1404725
1642498573 1406650
1642665203 1406649
1642665245 1408796
1643269647 1408879
1643269745 1409792
1643272730 1409794
1643279393 1409789
1644289043 1409791
1644373705 1409791
1644398551 1409802
1644398557 1409825
1644398885 1409827
1644471940 1410447
1644474200 1410447
1644891363 1410447
1644891369 1413442
1644894073 1413565
1644894412 1414236
1644896390 1414236
1644912247 1414232
1644912257 1414232
1644914891 1414244
1644916137 1414244
1644919489 1414279
1644994416 1414295
1644994422 1414296
1645058484 1414296
1645058492 1414337
1645086192 1428696
1645086200 1428826
1645086309 1428825
1645086698 1428827
1645092384 1430012
1645092394 1430061
1645179166 1432443
1645179344 1432972
1645181165 1432970
1645182783 1432998
1645182978 1432998
1645184702 1433000
1645187513 1433309
1645194023 1433870
1645194626 1434872
1645196970 1434873
1645196988 1434894
1645198100 1434893
1645198124 1434900
1645200965 1434901
1645204009 1434901
1645204249 1454730
1645404937 1454730
1645425760 1454738
1645425773 1458290
1645491576 1458664
1645493225 1458646
1645500956 1458675
1645501606 1458922
1645502251 1459016
1645522932 1459011
1645522937 1459549
1645603104 1459629
1645603126 1459629
1645673032 1459635
1645673040 1459951
1645681872 1459951
1645688510 1459952
1645688515 1460936
1645698385 1460936
1645698391 1460945
1645703031 1460970
1645703080 1460970
1645769871 1478446
1645790067 1480271
1646038345 1482138
1646038353 1481858
1646040394 1481860
1646044603 1482096
1646044608 1481718
1646114035 1481709
1646114041 1481929
1646115548 1481934
1646115553 1481934
1646123489 1481949
1646127614 1481928
1646200709 1481945
1646200764 1483881
1646272711 1566326
1646272779 1566516
1646300965 1566514
1646300970 1569141
1646355463 1569149
1646355473 1569589
1646372092 1569589
1646372118 1571327
1646384721 1571330
1646384732 1576085
1646613674 1576085
1646613686 1576475
1646616515 1576475
1646616519 1576467
1646617436 1576467
1646618556 1576549
1646641257 1576554
1646641274 1576649
1646645421 1576653
1646645426 1580885
1646810418 1581277
1646810424 1596685
1646969054 1596685
1646969061 1601685
1646978355 1601690
1646978362 1601983
1646997118 1602033
1646997127 1641972
1646997201 1641973
1647068903 1705396
1647068950 1705393
1647071648 1705393
1647218433 1705393
1647219017 1705403
1647255078 1708029
1647255082 1710591
1647255630 1710597
1647256627 1710622
1647262395 1710904
1647262493 1710943
1647312090 1711395
1647312097 1711505
1647322265 1711737
1647322277 1712856
1647325076 1713054
1647325092 1713175
1647330349 1713292
1647330357 1713315
1647336183 1713705
1647337080 1713723
1647337086 1713840
1647342447 1713840
1647342923 1713845
1647343008 1715068
1647343986 1715068
1647343990 1715084
1647398767 1715290
1647398775 1715299
1647415568 1715331
1647415574 1716201
1647423819 1716291
1647423826 1717405
1647424287 1717405
1647424292 1717406
1647426164 1717456
1647426567 1717498
1647495939 1717525
1647495944 1719535
1647496376 1719535
1647517533 1720625
1647517657 1721660
1647567428 1721787
1647567432 1722052
1647567615 1722052
1647569672 1722461
1647569676 1723082
1647579210 1724162
1647579314 1724580
1647580455 1724582
1647580459 1724724
1647584098 1724763
1647584110 1725155
1647586081 1725155
1647586427 1725165
1647586432 1725265
1647590459 1725305
1647593004 1725302
1647593008 1725314
1647595858 1725329
1647595863 1725507
1647597056 1725531
1647597061 1725578
1647652403 1725578
1647652411 1725770
1647653943 1725793
1647657103 1726045
1647661804 1726050
1647661809 1726081
1647663176 1726082
1647663181 1726084
1647663961 1726088
1647663965 1726124
1647667828 1726176
1647670514 1726181
1647670518 1726181
1647676483 1726286
1647676531 1726796
1647678104 1726803
1647678111 1726838
1647687483 1726928
1647687487 1726946
1647688538 1726964
1647688547 1726972
1647689687 1726972
1647689691 1727009
1647690558 1727009
1647690563 1727002
1647694257 1727044
1647694262 1727045
1647696535 1727045
1647696538 1727045
1647700259 1727053
1647700264 1727132
1647701319 1727137
1647701323 1727136
1647705535 1727150
1647705540 1727239
1647707381 1727240
1647707387 1727250
1647713192 1727251
1647713197 1727273
1647719389 1727284
1647909847 1727292
1647912160 1727305
1647913238 1727433
1647938476 1728228
1647938530 1728360
1647939939 1728388
1647945658 1728390
1647945662 1729544
1647946476 1729545
1647951435 1729544
1647958604 1729549
1647995636 1729564
1647996997 1729564
1648014734 1729566
1648014741 1729610
1648027966 1729665
1648027970 1730725
1648036797 1731077
1648036841 1732017
1648042118 1732470
1648045499 1732495
1648050809 1732584
1648054773 1732601
1648055480 1734753
1648056123 1734758
1648083169 1734758
1648086713 1734926
1648086718 1734927
1648117671 1734935
1648117675 1734994
1648118140 1734994
1648194266 1735405
1648194270 1735441
1648195913 1735489
1648281660 1736205
1648535484 1736230
1648633827 1736281
1648633831 1736309
1648638340 1736070
1648865049 1736068
1648865053 1737362
1648865841 1737366
1648888406 1737430
1648889296 1741490
1650420851 1741764
1650421303 1764435
1650421381 1763849
1650439845 1763920
1650451026 1764178
1650589369 1764515
1650591074 1764553
1650854995 1765240
1650856393 1766170
1650938918 1766170
1650938936 1766358
1651730923 1766329
1651730998 1751202
1651734632 1751202
1652059356 1751202
1652059402 1751658
1652061883 1751660
1652681039 1751681
1652681043 1751681
1653903327 1751829
1653903415 1753589
1653960946 1753587
1653960950 1753205
1653968451 1753207
1653978295 1753216
1653990105 1753397
1654482215 1748341
1654482222 1748343
1654739400 1748343
1654739408 1748340
