1614653078 0 0 0 0 3 0 0 0 0 0 0 0 0 0
1614653928 919149 0 0 0 3 0 0 0 0 0 0 0 0 0
1614654038 919150 0 0 0 3 0 0 0 0 0 0 0 0 0
1614654160 919151 0 0 0 3 0 0 0 0 0 0 0 0 0
1614654227 919152 0 0 0 3 0 0 0 0 0 0 0 0 0
1614654364 919153 0 0 0 3 0 0 0 0 0 0 0 0 0
1614678343 919348 0 0 0 3 0 0 0 0 0 0 0 0 0
1614760868 949969 0 0 0 3 0 0 0 0 0 0 0 0 0
1614761859 949988 0 0 0 3 0 0 0 0 0 0 0 0 0
1614762196 949998 0 0 0 3 0 0 0 0 0 0 0 0 0
1614762472 950037 0 0 0 3 0 0 0 0 0 0 0 0 0
1614764886 950824 0 0 0 3 0 0 0 0 0 0 0 0 0
1614764930 950825 0 0 0 3 0 0 0 0 0 0 0 0 0
1614817831 950875 0 0 0 3 0 0 0 0 0 0 0 0 0
1614825653 959731 0 0 0 3 0 0 0 0 0 0 0 0 0
1614829320 959735 0 0 0 3 0 0 0 0 0 0 0 0 0
1614838153 959892 0 0 0 3 0 0 0 0 0 0 0 0 0
1614845932 1237507 0 0 0 3 0 0 0 0 0 0 0 0 0
1614850019 1237508 0 0 0 3 0 0 0 0 0 0 0 0 0
1614850116 1237509 0 0 0 3 0 0 0 0 0 0 0 0 0
1614934566 1237856 0 0 0 3 0 0 0 0 0 0 0 0 0
1615205562 1367708 0 0 0 3 0 0 0 0 0 0 0 0 0
1615205662 1367709 0 0 0 3 0 0 0 0 0 0 0 0 0
1615253305 1367799 0 0 0 3 0 0 0 0 0 0 0 0 0
1615266796 1367874 0 0 0 3 0 0 0 0 0 0 0 0 0
1615271041 1368417 0 0 0 3 0 0 0 0 0 0 0 0 0
1615271871 1368421 0 0 0 3 0 0 0 0 0 0 0 0 0
1615338896 1368434 0 0 0 3 0 0 0 0 0 0 0 0 0
1615344395 1368596 0 0 0 3 0 0 0 0 0 0 0 0 0
1615345399 1368761 0 0 0 3 0 0 0 0 0 0 0 0 0
1615345963 1368764 0 0 0 3 0 0 0 0 0 0 0 0 0
1615355473 1368787 0 0 0 3 0 0 0 0 0 0 0 0 0
1615384161 1369080 0 0 0 3 0 0 0 0 0 0 0 0 0
1615777531 1369115 0 0 0 3 0 0 0 0 0 0 0 0 0
1615951281 1369155 0 0 0 3 0 0 0 0 0 0 0 0 0
1616552155 1369192 0 0 0 3 0 0 0 0 0 0 0 0 0
1616569188 1369249 0 0 0 3 0 0 0 0 0 0 0 0 0
1616727625 1369413 0 0 0 3 0 0 0 0 0 0 0 0 0
1616731418 1369415 0 0 0 3 0 0 0 0 0 0 0 0 0
1617095929 1369613 0 0 0 3 0 0 0 0 0 0 0 0 0
1617184485 1369626 0 0 0 3 0 0 0 0 0 0 0 0 0
1617185030 1458483 0 0 0 3 0 0 0 0 0 0 0 0 0
1617185072 1458484 0 0 0 3 0 0 0 0 0 0 0 0 0
1617676924 1462700 0 0 0 3 0 0 0 0 0 0 0 0 0
1617876411 1465122 0 0 0 3 0 0 0 0 0 0 0 0 0
1617876477 1465123 0 0 0 3 0 0 0 0 0 0 0 0 0
1618206646 1465453 0 0 0 3 0 0 0 0 0 0 0 0 0
1618206739 1465458 0 0 0 3 0 0 0 0 0 0 0 0 0
1618206769 1465459 0 0 0 3 0 0 0 0 0 0 0 0 0
1618220060 1465531 0 0 0 3 0 0 0 0 0 0 0 0 0
1618220752 1465532 0 0 0 3 0 0 0 0 0 0 0 0 0
1618302514 1465715 0 0 0 3 0 0 0 0 0 0 0 0 0
1618303149 1465716 0 0 0 3 0 0 0 0 0 0 0 0 0
1618304015 1466075 0 0 0 3 0 0 0 0 0 0 0 0 0
1618376178 1554269 0 0 0 3 0 0 0 0 0 0 0 0 0
1618485688 1554499 0 0 0 3 0 0 0 0 0 0 0 0 0
1618486696 1554501 0 0 0 3 0 0 0 0 0 0 0 0 0
1618561050 1555275 0 0 0 3 0 0 0 0 0 0 0 0 0
1618561931 1555309 0 0 0 3 0 0 0 0 0 0 0 0 0
1618822841 1555356 0 0 0 3 0 0 0 0 0 0 0 0 0
1618826598 1555428 0 0 0 3 0 0 0 0 0 0 0 0 0
1618827960 1555430 0 0 0 3 0 0 0 0 0 0 0 0 0
1618884914 1555640 0 0 0 3 0 0 0 0 0 0 0 0 0
1618886682 1555700 0 0 0 3 0 0 0 0 0 0 0 0 0
1618912291 1559304 0 0 0 3 0 0 0 0 0 0 0 0 0
1618999231 1562680 0 0 0 3 0 0 0 0 0 0 0 0 0
1619174213 1631169 0 0 0 3 0 0 0 0 0 0 0 0 0
1619174222 1631170 0 0 0 3 0 0 0 0 0 0 0 0 0
1619174405 1631171 0 0 0 3 0 0 0 0 0 0 0 0 0
1619485738 1631184 0 0 0 3 0 0 0 0 0 0 0 0 0
1619510715 1657158 0 0 0 3 0 0 0 0 0 0 0 0 0
1619510800 1657168 0 0 0 3 0 0 0 0 0 0 0 0 0
1619603386 1657198 0 0 0 3 0 0 0 0 0 0 0 0 0
1619605892 1657225 0 0 0 3 0 0 0 0 0 0 0 0 0
1619665225 1657591 0 0 0 3 0 0 0 0 0 0 0 0 0
1619682408 1657603 0 0 0 3 0 0 0 0 0 0 0 0 0
1620445172 1657618 0 0 0 3 0 0 0 0 0 0 0 0 0
1620461283 1686218 0 0 0 3 0 0 0 0 0 0 0 0 0
1620461352 1686219 0 0 0 3 0 0 0 0 0 0 0 0 0
1620463060 1686242 0 0 0 3 0 0 0 0 0 0 0 0 0
1620467072 1686586 0 0 0 3 0 0 0 0 0 0 0 0 0
1620811082 1686587 0 0 0 3 0 0 0 0 0 0 0 0 0
1620811339 1785782 0 0 0 3 0 0 0 0 0 0 0 0 0
1620811930 1785794 0 0 0 3 0 0 0 0 0 0 0 0 0
1620812201 1785794 0 0 0 3 0 0 0 0 0 0 0 0 0
1620813656 1785798 0 0 0 3 0 0 0 0 0 0 0 0 0
1620900400 1785937 0 0 0 3 0 0 0 0 0 0 0 0 0
1621327401 1812812 0 0 0 3 0 0 0 0 0 0 0 0 0
1621327465 1812813 0 0 0 3 0 0 0 0 0 0 0 0 0
1621572481 1813947 0 0 0 3 0 0 0 0 0 0 0 0 0
1621582995 1814203 0 0 0 3 0 0 0 0 0 0 0 0 0
1621592300 1814771 0 0 0 3 0 0 0 0 0 0 0 0 0
1621859319 1815264 0 0 0 3 0 0 0 0 0 0 0 0 0
1621912851 1815698 0 0 0 3 0 0 0 0 0 0 0 0 0
1622025146 1816327 0 0 0 3 0 0 0 0 0 0 0 0 0
1622026714 1816463 0 0 0 3 0 0 0 0 0 0 0 0 0
1622028235 1816467 0 0 0 3 0 0 0 0 0 0 0 0 0
1622114425 1845492 0 0 0 3 0 0 0 0 0 0 0 0 0
1622114475 1845513 0 0 0 3 0 0 0 0 0 0 0 0 0
1622116993 1845514 0 0 0 3 0 0 0 0 0 0 0 0 0
1622162873 1845516 0 0 0 3 0 0 0 0 0 0 0 0 0
1622204511 1846940 0 0 0 3 0 0 0 0 0 0 0 0 0
1622204521 1846940 0 0 0 3 0 0 0 0 0 0 0 0 0
1622204561 1846941 0 0 0 3 0 0 0 0 0 0 0 0 0
1622445332 1847713 0 0 0 3 0 0 0 0 0 0 0 0 0
1622448761 1847720 0 0 0 3 0 0 0 0 0 0 0 0 0
1622454843 1847721 0 0 0 3 0 0 0 0 0 0 0 0 0
1622612478 1871550 0 0 0 3 0 0 0 0 0 0 0 0 0
1622709775 1871577 0 0 0 3 0 0 0 0 0 0 0 0 0
1623143402 1891959 0 0 0 3 0 0 0 0 0 0 0 0 0
1623143534 1891962 0 0 0 3 0 0 0 0 0 0 0 0 0
1623405653 1895545 0 0 0 3 0 0 0 0 0 0 0 0 0
1623405723 1895546 0 0 0 3 0 0 0 0 0 0 0 0 0
1623749681 1907632 0 0 0 3 0 0 0 0 0 0 0 0 0
1623837059 2032825 0 0 0 3 0 0 0 0 0 0 0 0 0
1623837183 2032826 0 0 0 3 0 0 0 0 0 0 0 0 0
1623895172 2032837 0 0 0 3 0 0 0 0 0 0 0 0 0
1623919864 2033805 0 0 0 3 0 0 0 0 0 0 0 0 0
1623995374 2034144 0 0 0 3 0 0 0 0 0 0 0 0 0
1624009098 2034205 0 0 0 3 0 0 0 0 0 0 0 0 0
1624326094 2034248 0 0 0 3 0 0 0 0 0 0 0 0 0
1624341207 2034344 0 0 0 3 0 0 0 0 0 0 0 0 0
1624361932 2034512 0 0 0 3 0 0 0 0 0 0 0 0 0
1624434787 2036280 0 0 0 3 0 0 0 0 0 0 0 0 0
1624874243 2037311 0 0 0 3 0 0 0 0 0 0 0 0 0
1624956721 2037336 0 0 0 3 0 0 0 0 0 0 0 0 0
1625023150 2037406 0 0 0 3 0 0 0 0 0 0 0 0 0
1625046361 2038976 0 0 0 3 0 0 0 0 0 0 0 0 0
1625050694 2038996 0 0 0 3 0 0 0 0 0 0 0 0 0
1625135250 2042855 0 0 0 3 0 0 0 0 0 0 0 0 0
1625135381 2042856 0 0 0 3 0 0 0 0 0 0 0 0 0
1625224365 2047497 0 0 0 3 0 0 0 0 0 0 0 0 0
1625539118 2048266 0 0 0 3 0 0 0 0 0 0 0 0 0
1625550601 2048267 0 0 0 3 0 0 0 0 0 0 0 0 0
1625564782 2048801 0 0 0 3 0 0 0 0 0 0 0 0 0
1625641617 2080315 0 0 0 3 0 0 0 0 0 0 0 0 0
1625648733 2080696 0 0 0 3 0 0 0 0 0 0 0 0 0
1625711353 2080749 0 0 0 3 0 0 0 0 0 0 0 0 0
1625713176 2080809 0 0 0 3 0 0 0 0 0 0 0 0 0
1625730177 2084598 0 0 0 3 0 0 0 0 0 0 0 0 0
1625732478 2084602 0 0 0 3 0 0 0 0 0 0 0 0 0
1625811987 2084727 0 0 0 3 0 0 0 0 0 0 0 0 0
1625821324 2084978 0 0 0 3 0 0 0 0 0 0 0 0 0
1625824490 2084991 0 0 0 3 0 0 0 0 0 0 0 0 0
1626055704 2085120 0 0 0 3 0 0 0 0 0 0 0 0 0
1626166945 2088032 0 0 0 3 0 0 0 0 0 0 0 0 0
1626225302 2088612 0 0 0 3 0 0 0 0 0 0 0 0 0
1626232012 2101548 0 0 0 3 0 0 0 0 0 0 0 0 0
1626232045 2101549 0 0 0 3 0 0 0 0 0 0 0 0 0
1626232479 2101763 0 0 0 3 0 0 0 0 0 0 0 0 0
1626234486 2101808 0 0 0 3 0 0 0 0 0 0 0 0 0
1626246252 2102423 0 0 0 3 0 0 0 0 0 0 0 0 0
1626247036 2102441 0 0 0 3 0 0 0 0 0 0 0 0 0
1626251701 2102626 0 0 0 3 0 0 0 0 0 0 0 0 0
1626255990 2102677 0 0 0 3 0 0 0 0 0 0 0 0 0
1626256491 2102688 0 0 0 3 0 0 0 0 0 0 0 0 0
1626314554 2102689 0 0 0 3 0 0 0 0 0 0 0 0 0
1626314972 2102689 1 0 0 3 0 0 0 0 0 0 0 0 0
1626315003 2102689 1 0 0 3 0 0 0 0 0 0 0 0 0
1626326024 2117924 1 0 0 3 0 0 0 0 0 0 0 0 0
1626326028 2117924 1 0 0 3 0 0 0 0 0 0 0 0 0
1626337340 2117924 1 0 0 3 0 0 0 0 0 0 0 0 0
1626409843 2118443 1 0 0 3 0 0 0 0 0 0 0 0 0
1626422529 2118568 1 0 0 3 0 0 0 0 0 0 0 0 0
1626425984 2358495 1 0 0 3 0 0 0 0 0 0 0 0 0
1626426072 2358496 1 0 0 3 0 0 0 0 0 0 0 0 0
1626427822 2358511 1 0 0 3 0 0 0 0 0 0 0 0 0
1626431006 2358511 994 0 0 3 0 0 0 0 0 0 0 0 0
1626431010 2358511 994 0 0 3 0 0 0 0 0 0 0 0 0
1626681832 2359455 994 0 0 3 0 0 0 0 0 0 0 0 0
1626681836 2359455 994 0 0 3 0 0 0 0 0 0 0 0 0
1626682620 2360542 994 0 0 3 0 0 0 0 0 0 0 0 0
1626683096 2360545 994 0 0 3 0 0 0 0 0 0 0 0 0
1626683202 2360545 1317 0 0 3 0 0 0 0 0 0 0 0 0
1626683206 2360545 1317 0 0 3 0 0 0 0 0 0 0 0 0
1626683514 2360546 1317 0 0 3 0 0 0 0 0 0 0 0 0
1626768478 2360605 1317 0 0 3 0 0 0 0 0 0 0 0 0
1626834588 2485763 1317 0 0 3 0 0 0 0 0 0 0 0 0
1626834806 2485764 1317 0 0 3 0 0 0 0 0 0 0 0 0
1626838567 2485765 1317 0 0 3 0 0 0 0 0 0 0 0 0
1626847612 2485775 1317 0 0 3 0 0 0 0 0 0 0 0 0
1626848514 2485784 1317 0 0 3 0 0 0 0 0 0 0 0 0
1626858272 2486049 1317 0 0 3 0 0 0 0 0 0 0 0 0
1626858925 2486055 1317 0 0 3 0 0 0 0 0 0 0 0 0
1626914802 2486055 3390 0 0 3 0 0 0 0 0 0 0 0 0
1626914805 2486055 3390 0 0 3 0 0 0 0 0 0 0 0 0
1626941905 2486056 3390 0 0 3 0 0 0 0 0 0 0 0 0
1626941909 2486056 3390 0 0 3 0 0 0 0 0 0 0 0 0
1626961131 2486056 3631 0 0 3 0 0 0 0 0 0 0 0 0
1627006715 2486094 3631 0 0 3 0 0 0 0 0 0 0 0 0
1627026801 2486096 3631 0 0 3 0 0 0 0 0 0 0 0 0
1627037509 2486099 3631 0 0 3 0 0 0 0 0 0 0 0 0
1627265223 2486099 3631 0 1207 3 0 0 0 0 0 0 0 0 0
1627265234 2486099 3631 0 1207 3 0 0 0 0 0 0 0 0 0
1627282458 2486099 4409 0 1207 3 0 0 0 0 0 0 0 0 0
1627283634 2486099 4409 0 1492 3 0 0 0 0 0 0 0 0 0
1627283642 2486099 4409 0 1492 3 0 0 0 0 0 0 0 0 0
1627287918 2486101 4409 0 1492 3 0 0 0 0 0 0 0 0 0
1627287922 2486101 4409 0 1492 3 0 0 0 0 0 0 0 0 0
1627288451 2486102 4409 0 1492 3 0 0 0 0 0 0 0 0 0
1627289665 2486102 4409 0 1492 3 0 0 0 53 0 0 0 0 0
1627289682 2486102 4409 0 1492 3 0 0 0 53 0 0 0 0 0
1627295191 2487176 4409 0 1492 3 0 0 0 53 0 0 0 0 0
1627317502 2487579 4409 0 1492 3 0 0 0 53 0 0 0 0 0
1627320362 2488326 4409 0 1492 3 0 0 0 53 0 0 0 0 0
1627351688 2488326 4409 0 1863 3 0 0 0 53 0 0 0 0 0
1627351697 2488326 4409 0 1863 3 0 0 0 53 0 0 0 0 0
1627377653 2491959 4409 0 1863 3 0 0 0 53 0 0 0 0 0
1627377657 2491959 4409 0 1863 3 0 0 0 53 0 0 0 0 0
1627377823 2491961 4409 0 1863 3 0 0 0 53 0 0 0 0 0
1627436567 2491961 5495 0 1863 3 0 0 0 53 0 0 0 0 0
1627436570 2491961 5495 0 1863 3 0 0 0 53 0 0 0 0 0
1627437393 2491961 5495 0 2076 3 0 0 0 53 0 0 0 0 0
1627437402 2491961 5495 0 2076 3 0 0 0 53 0 0 0 0 0
1627437445 2491961 5495 0 2076 3 0 0 0 53 0 0 0 0 0
1627439100 2491961 5495 0 2076 3 0 0 0 53 0 0 0 0 0
1627439147 2491961 5495 0 2076 3 0 0 0 53 0 0 0 0 0
1627444238 2492013 5495 0 2076 3 0 0 0 53 0 0 0 0 0
1627444607 2492016 5495 0 2076 3 0 0 0 53 0 0 0 0 0
1627446182 2492019 5495 0 2076 3 0 0 0 53 0 0 0 0 0
1627447722 2492071 5495 0 2076 3 0 0 0 53 0 0 0 0 0
1627453583 2492095 5495 0 2076 3 0 0 0 53 0 0 0 0 0
1627535771 2557782 5495 0 2076 3 0 0 0 53 0 0 0 0 0
1627536109 2557783 5495 0 2076 3 0 0 0 53 0 0 0 0 0
1627536801 2557799 5495 0 2076 3 0 0 0 53 0 0 0 0 0
1627536904 2557799 7086 0 2076 3 0 0 0 53 0 0 0 0 0
1627536908 2557799 7086 0 2076 3 0 0 0 53 0 0 0 0 0
1627546316 2558051 7086 0 2076 3 0 0 0 53 0 0 0 0 0
1627546325 2558051 7086 0 2076 3 0 0 0 53 0 0 0 0 0
1627546508 2558052 7086 0 2076 3 0 0 0 53 0 0 0 0 0
1627547026 2558052 7123 0 2076 3 0 0 0 53 0 0 0 0 0
1627547029 2558052 7123 0 2076 3 0 0 0 53 0 0 0 0 0
1627704110 2558193 7123 0 2076 3 0 0 0 53 0 0 0 0 0
1627869621 2558247 7123 0 2076 3 0 0 0 53 0 0 0 0 0
1627872230 2558266 7123 0 2076 3 0 0 0 53 0 0 0 0 0
1627872380 2558266 7123 0 4592 3 0 0 0 53 0 0 0 0 0
1627872402 2558266 7123 0 4592 3 0 0 0 53 0 0 0 0 0
1627872468 2558266 7123 0 4592 3 0 0 0 53 0 0 0 0 0
1627872472 2558266 7123 0 4592 3 0 0 0 53 0 0 0 0 0
1627874475 2558266 7123 0 4593 3 0 0 0 53 0 0 0 0 0
1627875267 2558267 7123 0 4593 3 0 0 0 53 0 0 0 0 0
1627875271 2558267 7123 0 4593 3 0 0 0 53 0 0 0 0 0
1627875650 2558276 7123 0 4593 3 0 0 0 53 0 0 0 0 0
1627892859 2558346 7123 0 4593 3 0 0 0 53 0 0 0 0 0
1627894948 2558400 7123 0 4593 3 0 0 0 53 0 0 0 0 0
1627953974 2558581 7123 0 4593 3 0 0 0 53 0 0 0 0 0
1627954774 2558741 7123 0 4593 3 0 0 0 53 0 0 0 0 0
1627960066 2558762 7123 0 4593 3 0 0 0 53 0 0 0 0 0
1627972646 2558762 7123 0 5433 3 0 0 0 53 0 0 0 0 0
1627972663 2558762 7123 0 5433 3 0 0 0 53 0 0 0 0 0
1627980663 2558762 9506 0 5433 3 0 0 0 53 0 0 0 0 0
1627980729 2558762 9506 0 5433 3 0 0 0 53 0 0 0 0 0
1627981393 2558762 9506 0 5433 3 0 0 0 53 0 0 0 0 0
1628038205 2559957 9506 0 5433 3 0 0 0 53 0 0 0 0 0
1628038274 2559958 9506 0 5433 3 0 0 0 53 0 0 0 0 0
1628038285 2559958 9506 0 5433 3 0 0 0 53 0 0 0 0 0
1628038893 2559959 9506 0 5433 3 0 0 0 53 0 0 0 0 0
1628039236 2559959 9840 0 5433 3 0 0 0 53 0 0 0 0 0
1628039265 2559959 9840 0 5433 3 0 0 0 53 0 0 0 0 0
1628068466 2559959 9840 0 7285 3 0 0 0 53 0 0 0 0 0
1628068485 2559959 9840 0 7285 3 0 0 0 53 0 0 0 0 0
1628069507 2561526 9840 0 7285 3 0 0 0 53 0 0 0 0 0
1628069516 2561526 9840 0 7285 3 0 0 0 53 0 0 0 0 0
1628070085 2561541 9840 0 7285 3 0 0 0 53 0 0 0 0 0
1628070160 2561541 10018 0 7285 3 0 0 0 53 0 0 0 0 0
1628070165 2561541 10018 0 7285 3 0 0 0 53 0 0 0 0 0
1628070191 2561542 10018 0 7285 3 0 0 0 53 0 0 0 0 0
1628070195 2561542 10018 0 7285 3 0 0 0 53 0 0 0 0 0
1628070427 2561546 10018 0 7285 3 0 0 0 53 0 0 0 0 0
1628070975 2561555 10018 0 7285 3 0 0 0 53 0 0 0 0 0
1628130251 2561555 10018 0 7436 3 0 0 0 53 0 0 0 0 0
1628130530 2561555 10018 0 7436 3 0 0 0 53 0 0 0 0 0
1628135324 2561555 10018 0 7469 3 0 0 0 53 0 0 0 0 0
1628152163 2562155 10018 0 7469 3 0 0 0 53 0 0 0 0 0
1628152169 2562155 10018 0 7469 3 0 0 0 53 0 0 0 0 0
1628152405 2562160 10018 0 7469 3 0 0 0 53 0 0 0 0 0
1628152740 2562163 10018 0 7469 3 0 0 0 53 0 0 0 0 0
1628153083 2562213 10018 0 7469 3 0 0 0 53 0 0 0 0 0
1628158689 2562214 10018 0 7469 3 0 0 0 53 0 0 0 0 0
1628221709 2563941 10018 0 7469 3 0 0 0 53 0 0 0 0 0
1628245083 2566990 10018 0 7469 3 0 0 0 53 0 0 0 0 0
1628245209 2567006 10018 0 7469 3 0 0 0 53 0 0 0 0 0
1628472983 2567011 10018 0 7469 3 0 0 0 53 0 0 0 0 0
1628479845 2567077 10018 0 7469 3 0 0 0 53 0 0 0 0 0
1628481208 2567095 10018 0 7469 3 0 0 0 53 0 0 0 0 0
1628491834 2567095 12309 0 7469 3 0 0 0 53 0 0 0 0 0
1628491837 2567095 12309 0 7469 3 0 0 0 53 0 0 0 0 0
1628495454 2567095 12309 0 8530 3 0 0 0 53 0 0 0 0 0
1628495562 2567095 12309 0 8530 3 0 0 0 53 0 0 0 0 0
1628503085 2567095 12309 0 8530 3 0 0 0 399 0 0 0 0 0
1628503178 2567095 12309 0 8530 3 0 0 0 399 0 0 0 0 0
1628503352 2567095 12309 0 8530 3 0 0 0 400 0 0 0 0 0
1628504002 2582213 12309 0 8530 3 0 0 0 400 0 0 0 0 0
1628504009 2582213 12309 0 8530 3 0 0 0 400 0 0 0 0 0
1628505575 2582214 12309 0 8530 3 0 0 0 400 0 0 0 0 0
1628508276 2582225 12309 0 8530 3 0 0 0 400 0 0 0 0 0
1628558004 2582225 13234 0 8530 3 0 0 0 400 0 0 0 0 0
1628558008 2582225 13234 0 8667 3 0 0 0 400 0 0 0 0 0
1628558010 2582225 13234 0 8667 3 0 0 0 400 0 0 0 0 0
1628558018 2582225 13234 0 8667 3 0 0 0 400 0 0 0 0 0
1628558033 2582225 13234 0 8667 3 0 0 0 400 0 0 0 0 0
1628566952 2582225 13234 0 8797 3 0 0 0 400 0 0 0 0 0
1628587468 2582225 13234 0 9087 3 0 0 0 400 0 0 0 0 0
1628590850 2583122 13234 0 9087 3 0 0 0 400 0 0 0 0 0
1628590853 2583122 13234 0 9087 3 0 0 0 400 0 0 0 0 0
1628594629 2583227 13234 0 9087 3 0 0 0 400 0 0 0 0 0
1628646015 2583247 13234 0 9087 3 0 0 0 400 0 0 0 0 0
1628646641 2583247 13993 0 9087 3 0 0 0 400 0 0 0 0 0
1628646645 2583247 13993 0 9087 3 0 0 0 400 0 0 0 0 0
1628652373 2583624 13993 0 9087 3 0 0 0 400 0 0 0 0 0
1628652546 2583665 13993 0 9087 3 0 0 0 400 0 0 0 0 0
1628653294 2583665 13993 0 9097 3 0 0 0 400 0 0 0 0 0
1628653304 2583665 13993 0 9097 3 0 0 0 400 0 0 0 0 0
1628663497 2583701 13993 0 9097 3 0 0 0 400 0 0 0 0 0
1628663499 2583701 13993 0 9097 3 0 0 0 400 0 0 0 0 0
1628666879 2583701 14225 0 9097 3 0 0 0 400 0 0 0 0 0
1628666882 2583701 14225 0 9097 3 0 0 0 400 0 0 0 0 0
1628671586 2583701 14225 0 9660 3 0 0 0 400 0 0 0 0 0
1628671604 2583701 14225 0 9660 3 0 0 0 400 0 0 0 0 0
1628747799 2583701 14225 0 9995 3 0 0 0 400 0 0 0 0 0
1628760282 2584533 14225 0 9995 3 0 0 0 400 0 0 0 0 0
1628760409 2584533 14225 0 9995 3 0 0 0 400 0 0 0 0 0
1628760680 2584551 14225 0 9995 3 0 0 0 400 0 0 0 0 0
1628815742 2584559 14225 0 9995 3 0 0 0 400 0 0 0 0 0
1628816707 2584559 15558 0 9995 3 0 0 0 400 0 0 0 0 0
1628816720 2584559 15558 0 10704 3 0 0 0 400 0 0 0 0 0
1628816734 2584559 15558 0 10704 3 0 0 0 400 0 0 0 0 0
1628816783 2584559 15558 0 10704 3 0 0 0 400 0 0 0 0 0
1628816793 2584559 15558 0 10704 3 0 0 0 400 0 0 0 0 0
1628820077 2584559 15559 0 10704 3 0 0 0 400 0 0 0 0 0
1628820324 2584559 15559 0 10942 3 0 0 0 400 0 0 0 0 0
1628821197 2584591 15559 0 10942 3 0 0 0 400 0 0 0 0 0
1628821203 2584591 15559 0 10942 3 0 0 0 400 0 0 0 0 0
1628824275 2584600 15559 0 10942 3 0 0 0 400 0 0 0 0 0
1628833706 2584632 15559 0 10942 3 0 0 0 400 0 0 0 0 0
1628848200 2584632 16728 0 10942 3 0 0 0 400 0 0 0 0 0
1628848206 2584632 16728 0 10942 3 0 0 0 400 0 0 0 0 0
1629082761 2584632 16728 0 11728 3 0 0 0 400 0 0 0 0 0
1629082770 2584632 16728 0 11728 3 0 0 0 400 0 0 0 0 0
1629191900 2592176 16728 0 11728 3 0 0 0 400 0 0 0 0 0
1629191910 2592176 16728 0 11728 3 0 0 0 400 0 0 0 0 0
1629192232 2592177 16728 0 11728 3 0 0 0 400 0 0 0 0 0
1629192308 2592178 16728 0 11728 3 0 0 0 400 0 0 0 0 0
1629197792 2592211 16728 0 11728 3 0 0 0 400 0 0 0 0 0
1629198234 2592212 16728 0 11728 3 0 0 0 400 0 0 0 0 0
1629248297 2592212 16728 0 11973 3 0 0 0 400 0 0 0 0 0
1629248317 2592212 16728 0 11973 3 0 0 0 400 0 0 0 0 0
1629256196 2592212 16728 0 12606 3 0 0 0 400 0 0 0 0 0
1629257140 2592248 16728 0 12606 3 0 0 0 400 0 0 0 0 0
1629257145 2592248 16728 0 12606 3 0 0 0 400 0 0 0 0 0
1629259199 2592269 16728 0 12606 3 0 0 0 400 0 0 0 0 0
1629259222 2592317 16728 0 12606 3 0 0 0 400 0 0 0 0 0
1629265832 2592317 16728 0 12606 3 0 0 0 404 0 0 0 0 0
1629265977 2592317 16728 0 12606 3 0 0 0 460 0 0 0 0 0
1629266141 2592317 16728 0 12606 3 0 0 0 460 0 0 0 0 0
1629267567 2592345 16728 0 12606 3 0 0 0 460 0 0 0 0 0
1629268309 2592345 16728 0 12606 3 0 0 0 467 0 0 0 0 0
1629269160 2592345 16728 0 12606 3 0 0 0 467 0 0 0 0 0
1629274879 2592345 16728 0 12606 3 0 0 0 583 0 0 0 0 0
1629275835 2592345 16728 0 12606 3 0 0 0 584 0 0 0 0 0
1629277755 2592345 16728 0 12907 3 0 0 0 584 0 0 0 0 0
1629277782 2592345 16728 0 12907 3 0 0 0 584 0 0 0 0 0
1629279645 2592345 16728 0 12907 3 0 0 0 585 0 0 0 0 0
1629279654 2592345 16728 0 12907 3 0 0 0 585 0 0 0 0 0
1629280528 2592367 16728 0 12907 3 0 0 0 585 0 0 0 0 0
1629283367 2592416 16728 0 12907 3 0 0 0 585 0 0 0 0 0
1629292272 2592416 19108 0 12907 3 0 0 0 585 0 0 0 0 0
1629292305 2592416 19108 0 12907 3 0 0 0 585 0 0 0 0 0
1629336661 2592416 19108 0 12979 3 0 0 0 585 0 0 0 0 0
1629336754 2592416 19108 0 12979 3 0 0 0 585 0 0 0 0 0
1629343262 2592416 19108 0 13075 3 0 0 0 585 0 0 0 0 0
1629353400 2593885 19108 0 13075 3 0 0 0 585 0 0 0 0 0
1629353406 2593885 19108 0 13075 3 0 0 0 585 0 0 0 0 0
1629364588 2593886 19108 0 13075 3 0 0 0 585 0 0 0 0 0
1629421379 2593886 19108 0 13340 3 0 0 0 585 0 0 0 0 0
1629422042 2593886 19108 0 13348 3 0 0 0 585 0 0 0 0 0
1629432482 2594024 19108 0 13348 3 0 0 0 585 0 0 0 0 0
1629439239 2594024 20685 0 13348 3 0 0 0 585 0 0 0 0 0
1629439274 2594024 20685 0 13348 3 0 0 0 585 0 0 0 0 0
1629452661 2594037 20685 0 13348 3 0 0 0 585 0 0 0 0 0
1629680007 2594037 22636 0 13348 3 0 0 0 585 0 0 0 0 0
1629680011 2594037 22636 0 13348 3 0 0 0 585 0 0 0 0 0
1629689284 2594527 22636 0 13348 3 0 0 0 585 0 0 0 0 0
1629704842 2594567 22636 0 13348 3 0 0 0 585 0 0 0 0 0
1629705643 2594631 22636 0 13348 3 0 0 0 585 0 0 0 0 0
1629712170 2595027 22636 0 13348 3 0 0 0 585 0 0 0 0 0
1629713758 2595060 22636 0 13348 3 0 0 0 585 0 0 0 0 0
1629714144 2595060 22807 0 13348 3 0 0 0 585 0 0 0 0 0
1629715554 2595060 22807 0 13348 3 0 0 0 585 0 0 0 0 0
1629718052 2595101 22807 0 13348 3 0 0 0 585 0 0 0 0 0
1629718152 2595101 22807 0 13348 3 0 0 0 585 0 0 0 0 0
1629790915 2595101 22807 0 14310 3 0 0 0 585 0 0 0 0 0
1629791351 2595101 22807 0 14310 3 0 0 0 586 0 0 0 0 0
1629791363 2595101 22807 0 14310 3 0 0 0 586 0 0 0 0 0
1629799859 2611497 22807 0 14310 3 0 0 0 586 0 0 0 0 0
1629799863 2611497 22807 0 14310 3 0 0 0 586 0 0 0 0 0
1629855364 2611497 22807 0 14584 3 0 0 0 586 0 0 0 0 0
1629855373 2611497 22807 0 14584 3 0 0 0 586 0 0 0 0 0
1629855766 2611497 23513 0 14584 3 0 0 0 586 0 0 0 0 0
1629855770 2611497 23513 0 14584 3 0 0 0 586 0 0 0 0 0
1629858422 2611497 23513 0 14714 3 0 0 0 586 0 0 0 0 0
1629858433 2611497 23513 0 14714 3 0 0 0 586 0 0 0 0 0
1629861304 2611497 23513 0 14741 3 0 0 0 586 0 0 0 0 0
1629861370 2611776 23513 0 14741 3 0 0 0 586 0 0 0 0 0
1629861374 2611776 23513 0 14741 3 0 0 0 586 0 0 0 0 0
1629873952 2611776 23513 0 14745 3 0 0 0 586 0 0 0 0 0
1629873964 2611776 23513 0 14745 3 0 0 0 586 0 0 0 0 0
1629881710 2611776 23513 0 14815 3 0 0 0 586 0 0 0 0 0
1629882217 2611776 23611 0 14815 3 0 0 0 586 0 0 0 0 0
1629882221 2611776 23611 0 14815 3 0 0 0 586 0 0 0 0 0
1629886245 2611968 23611 0 14815 3 0 0 0 586 0 0 0 0 0
1629886736 2611968 23611 0 14815 3 0 0 0 586 0 0 0 0 0
1629886792 2611969 23611 0 14815 3 0 0 0 586 0 0 0 0 0
1629944727 2612071 23611 0 14815 3 0 0 0 586 0 0 0 0 0
1629944852 2612071 23611 0 14947 3 0 0 0 586 0 0 0 0 0
1629945425 2612071 23611 0 14947 3 0 0 0 586 0 0 0 0 0
1629961694 2612312 23611 0 14947 3 0 0 0 586 0 0 0 0 0
1629964489 2612312 23761 0 14947 3 0 0 0 586 0 0 0 0 0
1629964494 2612312 23761 0 14947 3 0 0 0 586 0 0 0 0 0
1629964533 2612312 23761 0 14956 3 0 0 0 586 0 0 0 0 0
1629964543 2612312 23761 0 14956 3 0 0 0 586 0 0 0 0 0
1629972458 2612312 23807 0 14956 3 0 0 0 586 0 0 0 0 0
1629972465 2612844 23807 0 14956 3 0 0 0 586 0 0 0 0 0
1629972469 2612844 23807 0 14956 3 0 0 0 586 0 0 0 0 0
1629972562 2612844 23808 0 14956 3 0 0 0 586 0 0 0 0 0
1629972568 2612844 23808 0 14956 3 0 0 0 586 0 0 0 0 0
1630033004 2613047 23808 0 14956 3 0 0 0 586 0 0 0 0 0
1630033009 2613047 23808 0 14956 3 0 0 0 586 0 0 0 0 0
1630049117 2613047 23808 0 15044 3 0 0 0 586 0 0 0 0 0
1630049228 2613047 23808 0 15044 3 0 0 0 586 0 0 0 0 0
1630051791 2613047 23922 0 15044 3 0 0 0 586 0 0 0 0 0
1630051794 2613047 23922 0 15044 3 0 0 0 586 0 0 0 0 0
1630053752 2613047 23922 0 15045 3 0 0 0 586 0 0 0 0 0
1630053975 2613047 23922 0 15045 3 0 0 0 586 0 0 0 0 0
1630053996 2613047 23922 0 15045 3 0 0 0 586 0 0 0 0 0
1630054477 2615248 23922 0 15045 3 0 0 0 586 0 0 0 0 0
1630054481 2615248 23922 0 15045 3 0 0 0 586 0 0 0 0 0
1630056733 2615344 23922 0 15045 3 0 0 0 586 0 0 0 0 0
1630059570 2615348 23922 0 15045 3 0 0 0 586 0 0 0 0 0
1630063879 2615443 23922 0 15045 3 0 0 0 586 0 0 0 0 0
1630066203 2615537 23922 0 15045 3 0 0 0 586 0 0 0 0 0
1630068671 2615631 23922 0 15045 3 0 0 0 586 0 0 0 0 0
1630069314 2615727 23922 0 15045 3 0 0 0 586 0 0 0 0 0
1630288353 2615750 23922 0 15045 3 0 0 0 586 0 0 0 0 0
1630288401 2615752 23922 0 15045 3 0 0 0 586 0 0 0 0 0
1630289092 2615763 23922 0 15045 3 0 0 0 586 0 0 0 0 0
1630307057 2615763 23922 0 15115 3 0 0 0 586 0 0 0 0 0
1630307066 2615763 23922 0 15115 3 0 0 0 586 0 0 0 0 0
1630313671 2615763 23922 0 15117 3 0 0 0 586 0 0 0 0 0
1630318831 2617622 23922 0 15117 3 0 0 0 586 0 0 0 0 0
1630318836 2617622 23922 0 15117 3 0 0 0 586 0 0 0 0 0
1630378107 2617622 24749 0 15117 3 0 0 0 586 0 0 0 0 0
1630378110 2617622 24749 0 15117 3 0 0 0 586 0 0 0 0 0
1630391672 2617622 24749 0 15197 3 0 0 0 586 0 0 0 0 0
1630391699 2617622 24749 0 15197 3 0 0 0 586 0 0 0 0 0
1630394443 2618083 24749 0 15197 3 0 0 0 586 0 0 0 0 0
1630394449 2618083 24749 0 15197 3 0 0 0 586 0 0 0 0 0
1630395547 2618099 24749 0 15197 3 0 0 0 586 0 0 0 0 0
1630398386 2618201 24749 0 15197 3 0 0 0 586 0 0 0 0 0
1630398390 2618201 24749 0 15301 3 0 0 0 586 0 0 0 0 0
1630398398 2618201 24749 0 15301 3 0 0 0 586 0 0 0 0 0
1630398420 2618201 24749 0 15301 3 0 0 0 586 0 0 0 0 0
1630410102 2618864 24749 0 15301 3 0 0 0 586 0 0 0 0 0
1630474943 2618864 24749 0 15522 3 0 0 0 586 0 0 0 0 0
1630474956 2618864 24749 0 15522 3 0 0 0 586 0 0 0 0 0
1630480794 2619447 24749 0 15522 3 0 0 0 586 0 0 0 0 0
1630480799 2619447 24749 0 15522 3 0 0 0 586 0 0 0 0 0
1630487921 2619447 24749 0 15577 3 0 0 0 586 0 0 0 0 0
1630487986 2619447 24749 0 15577 3 0 0 0 586 0 0 0 0 0
1630489555 2619447 24749 0 15618 3 0 0 0 586 0 0 0 0 0
1630545007 2619447 24821 0 15618 3 0 0 0 586 0 0 0 0 0
1630545253 2619447 24821 0 15618 3 0 0 0 586 0 0 0 0 0
1630548406 2619447 24860 0 15618 3 0 0 0 586 0 0 0 0 0
1630550257 2619447 24860 0 15618 3 0 0 0 586 0 0 0 0 0
1630550265 2619447 24860 0 15618 3 0 0 0 586 0 0 0 0 0
1630551888 2619447 24860 0 15630 3 0 0 0 586 0 0 0 0 0
1630553399 2619447 24864 0 15630 3 0 0 0 586 0 0 0 0 0
1630575175 2619840 24864 0 15630 3 0 0 0 586 0 0 0 0 0
1630575195 2619840 24864 0 15630 3 0 0 0 586 0 0 0 0 0
1630578232 2619843 24864 0 15630 3 0 0 0 586 0 0 0 0 0
1630579973 2620103 24864 0 15630 3 0 0 0 586 0 0 0 0 0
1630637906 2620103 24875 0 15630 3 0 0 0 586 0 0 0 0 0
1630637910 2620103 24875 0 15630 3 0 0 0 586 0 0 0 0 0
1630889186 2620103 24875 0 15651 3 0 0 0 586 0 0 0 0 0
1630889201 2620103 24875 0 15651 3 0 0 0 586 0 0 0 0 0
1630892298 2620103 25053 0 15651 3 0 0 0 586 0 0 0 0 0
1630892301 2620103 25053 0 15651 3 0 0 0 586 0 0 0 0 0
1630892648 2620447 25053 0 15651 3 0 0 0 586 0 0 0 0 0
1630892652 2620447 25053 0 15651 3 0 0 0 586 0 0 0 0 0
1630908227 2620447 25053 0 15700 3 0 0 0 586 0 0 0 0 0
1630908235 2620447 25053 0 15700 3 0 0 0 586 0 0 0 0 0
1630922359 2620751 25053 0 15700 3 0 0 0 586 0 0 0 0 0
1630922363 2620751 25053 0 15700 3 0 0 0 586 0 0 0 0 0
1630978707 2620751 25084 0 15700 3 0 0 0 586 0 0 0 0 0
1630986746 2620751 25084 0 15703 3 0 0 0 586 0 0 0 0 0
1630990251 2620844 25084 0 15703 3 0 0 0 586 0 0 0 0 0
1630990256 2620844 25084 0 15703 3 0 0 0 586 0 0 0 0 0
1630990346 2620846 25084 0 15703 3 0 0 0 586 0 0 0 0 0
1630992767 2620846 25084 0 15703 3 0 0 0 586 0 0 0 0 0
1631000807 2620846 25084 0 15712 3 0 0 0 586 0 0 0 0 0
1631006909 2620846 25084 0 15739 3 0 0 0 586 0 0 0 0 0
1631008644 2620846 25225 0 15739 3 0 0 0 586 0 0 0 0 0
1631008648 2620846 25225 0 15739 3 0 0 0 586 0 0 0 0 0
1631009183 2621114 25225 0 15739 3 0 0 0 586 0 0 0 0 0
1631009187 2621114 25225 0 15739 3 0 0 0 586 0 0 0 0 0
1631064347 2621606 25225 0 15739 3 0 0 0 586 0 0 0 0 0
1631065518 2621606 25225 0 15750 3 0 0 0 586 0 0 0 0 0
1631081556 2622450 25225 0 15750 3 0 0 0 586 0 0 0 0 0
1631081562 2622450 25225 0 15750 3 0 0 0 586 0 0 0 0 0
1631083811 2622450 25225 0 15753 3 0 0 0 586 0 0 0 0 0
1631083821 2622450 25225 0 15753 3 0 0 0 586 0 0 0 0 0
1631091754 2622540 25225 0 15753 3 0 0 0 586 0 0 0 0 0
1631091760 2622540 25225 0 15753 3 0 0 0 586 0 0 0 0 0
1631091796 2622541 25225 0 15753 3 0 0 0 586 0 0 0 0 0
1631098656 2622607 25225 0 15753 3 0 0 0 586 0 0 0 0 0
1631154989 2622607 25225 0 15809 3 0 0 0 586 0 0 0 0 0
1631154999 2622607 25225 0 15809 3 0 0 0 586 0 0 0 0 0
1631169210 2622607 25225 0 15810 3 0 0 0 586 0 0 0 0 0
1631169305 2622607 25595 0 15810 3 0 0 0 586 0 0 0 0 0
1631169348 2622607 25595 0 15812 3 0 0 0 586 0 0 0 0 0
1631169371 2622607 25595 0 15812 3 0 0 0 586 0 0 0 0 0
1631169485 2622607 25595 0 15812 3 0 0 0 586 0 0 0 0 0
1631170722 2622607 25679 0 15812 3 0 0 0 586 0 0 0 0 0
1631170777 2622607 25681 0 15812 3 0 0 0 586 0 0 0 0 0
1631172799 2622607 25681 0 15923 3 0 0 0 586 0 0 0 0 0
1631174000 2622607 25681 0 15954 3 0 0 0 586 0 0 0 0 0
1631174008 2622607 25681 0 15954 3 0 0 0 586 0 0 0 0 0
1631181332 2622607 25879 0 15954 3 0 0 0 586 0 0 0 0 0
1631242650 2622607 25879 0 15954 3 0 0 0 910 0 0 0 0 0
1631242663 2622607 25879 0 15954 3 0 0 0 910 0 0 0 0 0
1631243215 2622607 25879 0 15958 3 0 0 0 910 0 0 0 0 0
1631243224 2622607 25879 0 15958 3 0 0 0 910 0 0 0 0 0
1631253594 2622607 25879 0 15991 3 0 0 0 910 0 0 0 0 0
1631253984 2622607 25879 0 16001 3 0 0 0 910 0 0 0 0 0
1631254207 2622607 25879 0 16002 3 0 0 0 910 0 0 0 0 0
1631254361 2622607 25879 0 16003 3 0 0 0 910 0 0 0 0 0
1631256385 2622607 25879 0 16004 3 0 0 0 910 0 0 0 0 0
1631273611 2622786 25879 0 16004 3 0 0 0 910 0 0 0 0 0
1631273616 2622786 25879 0 16004 3 0 0 0 910 0 0 0 0 0
1631582042 2622786 25879 0 16159 3 0 0 0 910 0 0 0 0 0
1631584555 2622786 25913 0 16159 3 0 0 0 910 0 0 0 0 0
1631591268 2622786 25931 0 16159 3 0 0 0 910 0 0 0 0 0
1631610490 2622786 25968 0 16159 3 0 0 0 910 0 0 0 0 0
1631753896 3043187 25968 0 16159 3 0 0 0 910 0 0 0 0 0
1631758672 3043187 25968 0 16159 3 0 0 0 910 0 0 0 0 0
1631763476 3043230 25968 0 16159 3 0 0 0 910 0 0 0 0 0
1631773488 3043501 25968 0 16159 3 0 0 0 910 0 0 0 0 0
1631775486 3043501 25968 0 16178 3 0 0 0 910 0 0 0 0 0
1631775512 3043501 25968 0 16178 3 0 0 0 910 0 0 0 0 0
1631776827 3043503 25968 0 16178 3 0 0 0 910 0 0 0 0 0
1631776831 3043503 25968 0 16178 3 0 0 0 910 0 0 0 0 0
1631789524 3044039 25968 0 16178 3 0 0 0 910 0 0 0 0 0
1631876829 3046303 25968 0 16178 3 0 0 0 910 0 0 0 0 0
1631957927 3046402 25968 0 16178 3 0 0 0 910 0 0 0 0 0
1631959903 3046404 25968 0 16178 3 0 0 0 910 0 0 0 0 0
1632376040 3082803 25968 0 16178 3 0 0 0 910 0 0 0 0 0
1632376090 3082804 25968 0 16178 3 0 0 0 910 0 0 0 0 0
1632385185 3082808 25968 0 16178 3 0 0 0 910 0 0 0 0 0
1632386949 3082821 25968 0 16178 3 0 0 0 910 0 0 0 0 0
1632468154 3083561 25968 0 16178 3 0 0 0 910 0 0 0 0 0
1632474710 3083564 25968 0 16178 3 0 0 0 910 0 0 0 0 0
1632731641 3083564 34102 0 16178 3 0 0 0 910 0 0 0 0 0
1633923870 3338534 34102 0 16178 3 0 0 0 910 0 0 0 0 0
1633923877 3338534 34102 0 16178 3 0 0 0 910 0 0 0 0 0
1633940734 3338672 34102 0 16178 3 0 0 0 910 0 0 0 0 0
1633947809 3339313 34102 0 16178 3 0 0 0 910 0 0 0 0 0
1634003150 3339394 34102 0 16178 3 0 0 0 910 0 0 0 0 0
1634004493 3339477 34102 0 16178 3 0 0 0 910 0 0 0 0 0
1634027970 3339477 34603 0 16178 3 0 0 0 910 0 0 0 0 0
1634027973 3339477 34603 0 16178 3 0 0 0 910 0 0 0 0 0
1634205153 3339620 34603 0 16178 3 0 0 0 910 0 0 0 0 0
1634205221 3339620 34603 0 16178 3 0 0 0 910 0 0 0 0 0
1634205252 3339621 34603 0 16178 3 0 0 0 910 0 0 0 0 0
1634206065 3339684 34603 0 16178 3 0 0 0 910 0 0 0 0 0
1634262493 3339684 55000 0 16178 3 0 0 0 910 0 0 0 0 0
1634262526 3339684 55000 0 16178 3 0 0 0 910 0 0 0 0 0
1634264715 3340064 55000 0 16178 3 0 0 0 910 0 0 0 0 0
1634264734 3340064 55000 0 16178 3 0 0 0 910 0 0 0 0 0
1634265595 3340095 55000 0 16178 3 0 0 0 910 0 0 0 0 0
1634265946 3340096 55000 0 16178 3 0 0 0 910 0 0 0 0 0
1634289381 3340249 55000 0 16178 3 0 0 0 910 0 0 0 0 0
1634290547 3340407 55000 0 16178 3 0 0 0 910 0 0 0 0 0
1634527241 3340407 55276 0 16178 3 0 0 0 910 0 0 0 0 0
1634539318 3340414 55276 0 16178 3 0 0 0 910 0 0 0 0 0
1634539322 3340414 55276 0 16178 3 0 0 0 910 0 0 0 0 0
1634539365 3340414 55277 0 16178 3 0 0 0 910 0 0 0 0 0
1634539375 3340414 55277 0 16178 3 0 0 0 910 0 0 0 0 0
1634541437 3340454 55277 0 16178 3 0 0 0 910 0 0 0 0 0
1634546279 3340454 55293 0 16178 3 0 0 0 910 0 0 0 0 0
1634563754 3340641 55293 0 16178 3 0 0 0 910 0 0 0 0 0
1634563760 3340641 55293 0 16178 3 0 0 0 910 0 0 0 0 0
1634714280 3340641 55589 0 16178 3 0 0 0 910 0 0 0 0 0
1634714284 3340641 55589 0 16178 3 0 0 0 910 0 0 0 0 0
1634902269 3346634 55589 0 16178 3 0 0 0 910 0 0 0 0 0
1634902325 3346634 55589 0 16178 3 0 0 0 910 0 0 0 0 0
1634902405 3346644 55589 0 16178 3 0 0 0 910 0 0 0 0 0
1635146400 3346644 80238 0 16178 3 0 0 0 910 0 0 0 0 0
1635146423 3346644 80238 0 16178 3 0 0 0 910 0 0 0 0 0
1635227665 3349322 80238 0 16178 3 0 0 0 910 0 0 0 0 0
1635227670 3349322 80238 0 16178 3 0 0 0 910 0 0 0 0 0
1635232331 3349322 86963 0 16178 3 0 0 0 910 0 0 0 0 0
1635232335 3349322 86963 0 16178 3 0 0 0 910 0 0 0 0 0
1635241150 3349322 87968 0 16178 3 0 0 0 910 0 0 0 0 0
1635242580 3350143 87968 0 16178 3 0 0 0 910 0 0 0 0 0
1635242586 3350143 87968 0 16178 3 0 0 0 910 0 0 0 0 0
1635297628 3350449 87968 0 16178 3 0 0 0 910 0 0 0 0 0
1635332438 3351398 87968 0 16178 3 0 0 0 910 0 0 0 0 0
1635333185 3351400 87968 0 16178 3 0 0 0 910 0 0 0 0 0
1635425886 3352291 87968 0 16178 3 0 0 0 910 0 0 0 0 0
1635486488 3352487 87968 0 16178 3 0 0 0 910 0 0 0 0 0
1635494134 3352487 112868 0 16178 3 0 0 0 910 0 0 0 0 0
1635494449 3352487 112868 0 16178 3 0 0 0 910 0 0 0 0 0
1635507380 3352904 112868 0 16178 3 0 0 0 910 0 0 0 0 0
1635507387 3352904 112868 0 16178 3 0 0 0 910 0 0 0 0 0
1635732550 3353082 112868 0 16178 3 0 0 0 910 0 0 0 0 0
1635817657 3353082 122781 0 16178 3 0 0 0 910 0 0 0 0 0
1635817660 3353082 122781 0 16178 3 0 0 0 910 0 0 0 0 0
1635820722 3353082 122812 0 16178 3 0 0 0 910 0 0 0 0 0
1635987035 3429499 122812 0 16178 3 0 0 0 910 0 0 0 0 0
1635987042 3429499 122812 0 16178 3 0 0 0 910 0 0 0 0 0
1635994447 3460615 122812 0 16178 3 0 0 0 910 0 0 0 0 0
1635994852 3460619 122812 0 16178 3 0 0 0 910 0 0 0 0 0
1635995909 3463631 122812 0 16178 3 0 0 0 910 0 0 0 0 0
1635996075 3463631 156778 0 16178 3 0 0 0 910 0 0 0 0 0
1635996079 3463631 156778 0 16178 3 0 0 0 910 0 0 0 0 0
1636007885 3464087 156778 0 16178 3 0 0 0 910 0 0 0 0 0
1636007891 3464087 156778 0 16178 3 0 0 0 910 0 0 0 0 0
1636019198 3464826 156778 0 16178 3 0 0 0 910 0 0 0 0 0
1636019275 3464826 157421 0 16178 3 0 0 0 910 0 0 0 0 0
1636019278 3464826 157421 0 16178 3 0 0 0 910 0 0 0 0 0
1636019465 3464828 157421 0 16178 3 0 0 0 910 0 0 0 0 0
1636019469 3464828 157421 0 16178 3 0 0 0 910 0 0 0 0 0
1636020244 3464836 157421 0 16178 3 0 0 0 910 0 0 0 0 0
1636029540 3465916 157421 0 16178 3 0 0 0 910 0 0 0 0 0
1636029729 3465916 159041 0 16178 3 0 0 0 910 0 0 0 0 0
1636029733 3465916 159041 0 16178 3 0 0 0 910 0 0 0 0 0
1636029769 3465916 159041 0 16178 3 0 0 0 910 0 0 0 0 0
1636029773 3465916 159041 0 16178 3 0 0 0 910 0 0 0 0 0
1636030798 3465916 159042 0 16178 3 0 0 0 910 0 0 0 0 0
1636030835 3465916 159042 0 16178 3 0 0 0 910 0 0 0 0 0
1636031044 3465918 159042 0 16178 3 0 0 0 910 0 0 0 0 0
1636080504 3466014 159042 0 16178 3 0 0 0 910 0 0 0 0 0
1636081744 3466014 159564 0 16178 3 0 0 0 910 0 0 0 0 0
1636081747 3466014 159564 0 16178 3 0 0 0 910 0 0 0 0 0
1636084242 3466014 159577 0 16178 3 0 0 0 910 0 0 0 0 0
1636092931 3468583 159577 0 16178 3 0 0 0 910 0 0 0 0 0
1636092941 3468583 159577 0 16178 3 0 0 0 910 0 0 0 0 0
1636094063 3468853 159577 0 16178 3 0 0 0 910 0 0 0 0 0
1636104539 3468853 159880 0 16178 3 0 0 0 910 0 0 0 0 0
1636113990 3469737 159880 0 16178 3 0 0 0 910 0 0 0 0 0
1636114130 3469737 160209 0 16178 3 0 0 0 910 0 0 0 0 0
1636114291 3469737 160209 0 16178 3 0 0 0 910 0 0 0 0 0
1636116350 3469737 160213 0 16178 3 0 0 0 910 0 0 0 0 0
1636117079 3469784 160213 0 16178 3 0 0 0 910 0 0 0 0 0
1636117087 3469784 160213 0 16178 3 0 0 0 910 0 0 0 0 0
1636117686 3469785 160213 0 16178 3 0 0 0 910 0 0 0 0 0
1636188045 3473924 160213 0 16178 3 0 0 0 910 0 0 0 0 0
1636446343 3477104 160213 0 16178 3 0 0 0 910 0 0 0 0 0
1636448502 3477118 160213 0 16178 3 0 0 0 910 0 0 0 0 0
1636452827 3477150 160213 0 16178 3 0 0 0 910 0 0 0 0 0
1636557199 3480406 160213 0 16178 3 0 0 0 910 0 0 0 0 0
1636964377 3481690 160213 0 16178 3 0 0 0 910 0 0 0 0 0
1636966961 3481690 175273 0 16178 3 0 0 0 910 0 0 0 0 0
1636966965 3481690 175273 0 16178 3 0 0 0 910 0 0 0 0 0
1637034884 3486455 175273 0 16178 3 0 0 0 910 0 0 0 0 0
1637034892 3486455 175273 0 16178 3 0 0 0 910 0 0 0 0 0
1637062275 3491136 175273 0 16178 3 0 0 0 910 0 0 0 0 0
1637120987 3491136 177033 0 16178 3 0 0 0 910 0 0 0 0 0
1637121014 3491136 177033 0 17703 3 0 0 0 910 0 0 0 0 0
1637121024 3491136 177033 0 17703 3 0 0 0 910 0 0 0 0 0
1637121092 3491136 177033 0 17703 3 0 0 0 910 0 0 0 0 0
1637133479 3491309 177033 0 17703 3 0 0 0 910 0 0 0 0 0
1637133485 3491309 177033 0 17703 3 0 0 0 910 0 0 0 0 0
1637133806 3491327 177033 0 17703 3 0 0 0 910 0 0 0 0 0
1637135538 3491329 177033 0 17703 3 0 0 0 910 0 0 0 0 0
1637194100 3491329 177292 0 17703 3 0 0 0 910 0 0 0 0 0
1637195103 3491329 177292 0 17703 3 0 0 0 910 0 0 0 0 0
1637205839 3491329 177422 0 17703 3 0 0 0 910 0 0 0 0 0
1637206135 3491329 177422 0 17703 3 0 0 0 910 0 0 0 0 0
1637227183 3491888 177422 0 17703 3 0 0 0 910 0 0 0 0 0
1637234354 3491996 177422 0 17703 3 0 0 0 910 0 0 0 0 0
1637234422 3491997 177422 0 17703 3 0 0 0 910 0 0 0 0 0
1637300449 3492029 177422 0 17703 3 0 0 0 910 0 0 0 0 0
1637307750 3492112 177422 0 17703 3 0 0 0 910 0 0 0 0 0
1637309464 3492140 177422 0 17703 3 0 0 0 910 0 0 0 0 0
1637660397 3492494 177422 0 17703 3 0 0 0 910 0 0 0 0 0
1637819438 3495237 177422 0 17703 3 0 0 0 910 0 0 0 0 0
1637822917 3495262 177422 0 17703 3 0 0 0 910 0 0 0 0 0
1637828043 3495642 177422 0 17703 3 0 0 0 910 0 0 0 0 0
1637898084 3495644 177422 0 17703 3 0 0 0 910 0 0 0 0 0
1638179121 3495646 177422 0 17703 3 0 0 0 910 0 0 0 0 0
1638431666 3495794 177422 0 17703 3 0 0 0 910 0 0 0 0 0
1639389323 3500525 177422 0 17703 3 0 0 0 910 0 0 0 0 0
1639471790 3500606 177422 0 17703 3 0 0 0 910 0 0 0 0 0
1640078250 3500989 177422 0 17703 3 0 0 0 910 0 0 0 0 0
1640757703 3503073 177422 0 17703 3 0 0 0 910 0 0 0 0 0
1640939526 3503073 177422 0 17703 3 861 0 0 910 0 0 0 0 0
1641259840 3503073 177422 0 17703 3 1021 0 0 910 0 0 0 0 0
1641342603 3503073 177422 0 17703 3 1546 0 0 910 0 0 0 0 0
1641799960 3503073 177422 0 17703 3 1548 0 0 910 0 0 0 0 0
1641970472 3504104 177422 0 17703 3 1548 0 0 910 0 0 0 0 0
1641970520 3504104 177422 0 17703 3 1548 0 0 910 0 0 0 0 0
1641977370 3504392 177422 0 17703 3 1548 0 0 910 0 0 0 0 0
1642149047 3504441 177422 0 17703 3 1548 0 0 910 0 0 0 0 0
1642498573 3509149 177422 0 17703 3 1548 0 0 910 0 0 0 0 0
1642574548 3509149 177436 0 17703 3 1548 0 0 910 0 0 0 0 0
1642584634 3509149 179574 0 17703 3 1548 0 0 910 0 0 0 0 0
1642587606 3509149 179590 0 17703 3 1548 0 0 910 0 0 0 0 0
1642638991 3509149 179592 0 17703 3 1548 0 0 910 0 0 0 0 0
1642665203 3509195 179592 0 17703 3 1548 0 0 910 0 0 0 0 0
1642665245 3509195 179592 0 17703 3 1548 0 0 910 0 0 0 0 0
1643098377 3509195 179592 0 17703 3 1551 0 0 910 0 0 0 0 0
1643102543 3509195 179592 0 17703 3 1568 0 0 910 0 0 0 0 0
1643179542 3509195 179592 0 17703 3 2565 0 0 910 0 0 0 0 0
1643185847 3509195 179592 0 17703 3 2623 0 0 910 0 0 0 0 0
1643269647 3509311 179592 0 17703 3 2623 0 0 910 0 0 0 0 0
1643269745 3509311 179592 0 17703 3 2623 0 0 910 0 0 0 0 0
1643272730 3509318 179592 0 17703 3 2623 0 0 910 0 0 0 0 0
1643279393 3509384 179592 0 17703 3 2623 0 0 910 0 0 0 0 0
1644289043 3509439 179592 0 17703 3 2623 0 0 910 0 0 0 0 0
1644373705 3509470 179592 0 17703 3 2623 0 0 910 0 0 0 0 0
1644396979 3509470 179615 0 17703 3 2623 0 0 910 0 0 0 0 0
1644397099 3509470 179615 4 17703 3 2623 0 0 910 0 0 0 0 0
1644398551 3509489 179615 4 17703 3 2623 0 0 910 0 0 0 0 0
1644398557 3509489 179615 4 17703 3 2623 0 0 910 0 0 0 0 0
1644398885 3509489 179615 8 17703 3 2623 0 0 910 0 0 0 0 0
1644471940 3509489 179615 636 17703 3 2623 0 0 910 0 0 0 0 0
1644474200 3509489 179615 640 17703 3 2623 0 0 910 0 0 0 0 0
1644485804 3509489 180077 640 17703 3 2623 0 0 910 0 0 0 0 0
1644486853 3509489 180077 1707 17703 3 2623 0 0 910 0 0 0 0 0
1644487072 3509489 180077 1707 17703 3 2625 0 0 910 0 0 0 0 0
1644487100 3509489 180077 1707 17703 3 2625 0 0 910 0 0 0 0 0
1644489728 3509489 180077 1709 17703 3 2625 0 0 910 0 0 0 0 0
1644547053 3509489 180077 1843 17703 3 2625 0 0 910 0 0 0 0 0
1644550197 3509489 180144 1843 17703 3 2625 0 0 910 0 0 0 0 0
1644550201 3509489 180144 1843 17703 3 2625 0 0 910 0 0 0 0 0
1644564466 3509489 180145 1843 17703 3 2625 0 0 910 0 0 0 0 0
1644566461 3509489 180149 1843 17703 3 2625 0 0 910 0 0 0 0 0
1644568714 3509489 180149 1843 17703 3 4116 0 0 910 0 0 0 0 0
1644568724 3509489 180149 1843 17703 3 4116 0 0 910 0 0 0 0 0
1644570719 3509489 180152 1843 17703 3 4116 0 0 910 0 0 0 0 0
1644570724 3509489 180152 1843 17703 3 4116 0 0 910 0 0 0 0 0
1644570733 3509489 180152 1942 17703 3 4116 0 0 910 0 0 0 0 0
1644570747 3509489 180152 1942 17703 3 4116 0 0 910 0 0 0 0 0
1644570889 3509489 180152 1942 17703 3 4118 0 0 910 0 0 0 0 0
1644570900 3509489 180152 1942 17703 3 4118 0 0 910 0 0 0 0 0
1644809115 3509489 180152 1956 17703 3 4118 0 0 910 0 0 0 0 0
1644829232 3509489 180349 1956 17703 3 4118 0 0 910 0 0 0 0 0
1644829236 3509489 180349 1956 17703 3 4118 0 0 910 0 0 0 0 0
1644831047 3509489 180349 2310 17703 3 4118 0 0 910 0 0 0 0 0
1644831361 3509489 180349 2310 17703 3 4237 0 0 910 0 0 0 0 0
1644831372 3509489 180349 2310 17703 3 4237 0 0 910 0 0 0 0 0
1644889866 3509489 180351 2310 17703 3 4237 0 0 910 0 0 0 0 0
1644889870 3509489 180351 2310 17703 3 4237 0 0 910 0 0 0 0 0
1644891363 3509491 180351 2310 17703 3 4237 0 0 910 0 0 0 0 0
1644891369 3509491 180351 2310 17703 3 4237 0 0 910 0 0 0 0 0
1644894073 3509491 180351 2310 17703 3 4367 0 0 910 0 0 0 0 0
1644894412 3509491 180351 3044 17703 3 4367 0 0 910 0 0 0 0 0
1644896390 3509491 180353 3044 17703 3 4367 0 0 910 0 0 0 0 0
1644910937 3509522 180353 3044 17703 3 4367 0 0 910 0 0 0 0 0
1644910943 3509522 180353 3044 17703 3 4367 0 0 910 0 0 0 0 0
1644911851 3509553 180353 3044 17703 3 4367 0 0 910 0 0 0 0 0
1644912017 3509555 180353 3044 17703 3 4367 0 0 910 0 0 0 0 0
1644912247 3509555 180353 3044 17703 3 4373 0 0 910 0 0 0 0 0
1644912257 3509555 180353 3044 17703 3 4373 0 0 910 0 0 0 0 0
1644914891 3509555 180353 3080 17703 3 4373 0 0 910 0 0 0 0 0
1644916137 3509588 180353 3080 17703 3 4373 0 0 910 0 0 0 0 0
1644919489 3509588 180353 3122 17703 3 4373 0 0 910 0 0 0 0 0
1644986965 3509588 180353 3133 17703 3 4373 0 0 910 0 0 0 0 0
1644993473 3509588 180353 3133 17703 3 4373 0 0 910 0 0 0 0 0
1644993482 3509588 180353 3133 17703 3 4373 0 0 910 0 0 0 0 0
1644994416 3509658 180353 3133 17703 3 4373 0 0 910 0 0 0 0 0
1644994422 3509658 180353 3133 17703 3 4373 0 0 910 0 0 0 0 0
1644996088 3509658 180384 3133 17703 3 4373 0 0 910 0 0 0 0 0
1644996092 3509658 180384 3133 17703 3 4373 0 0 910 0 0 0 0 0
1644996830 3509658 180384 3133 17703 3 4385 0 0 910 0 0 0 0 0
1644996838 3509658 180384 3133 17703 3 4385 0 0 910 0 0 0 0 0
1645001293 3509658 180384 3133 17703 3 4408 0 0 910 0 0 0 0 0
1645001306 3509658 180384 3254 17703 3 4408 0 0 910 0 0 0 0 0
1645001314 3509658 180384 3254 17703 3 4408 0 0 910 0 0 0 0 0
1645058484 3509745 180384 3254 17703 3 4408 0 0 910 0 0 0 0 0
1645058492 3509745 180384 3254 17703 3 4408 0 0 910 0 0 0 0 0
1645065170 3509745 180384 3391 17703 3 4408 0 0 910 0 0 0 0 0
1645086053 3509745 180384 3391 17703 3 4432 0 0 910 0 0 0 0 0
1645086192 3524135 180384 3391 17703 3 4432 0 0 910 0 0 0 0 0
1645086200 3524135 180384 3391 17703 3 4432 0 0 910 0 0 0 0 0
1645086309 3524136 180384 3391 17703 3 4432 0 0 910 0 0 0 0 0
1645086698 3524140 180384 3391 17703 3 4432 0 0 910 0 0 0 0 0
1645087651 3524140 180448 3391 17703 3 4432 0 0 910 0 0 0 0 0
1645087656 3524140 180448 3391 17703 3 4432 0 0 910 0 0 0 0 0
1645090529 3524140 180448 3391 17703 3 4441 0 0 910 0 0 0 0 0
1645090539 3524140 180448 3391 17703 3 4441 0 0 910 0 0 0 0 0
1645092384 3525361 180448 3391 17703 3 4441 0 0 910 0 0 0 0 0
1645092394 3525361 180448 3391 17703 3 4441 0 0 910 0 0 0 0 0
1645149017 3525361 180448 3391 17707 3 4441 0 0 910 0 0 0 0 0
1645149074 3525361 180448 3391 17707 3 4441 0 0 910 0 0 0 0 0
1645150010 3525361 180448 3391 17716 3 4441 0 0 910 0 0 0 0 0
1645153761 3525361 180448 3391 17721 3 4441 0 0 910 0 0 0 0 0
1645161558 3525408 180448 3391 17721 3 4441 0 0 910 0 0 0 0 0
1645161565 3525408 180448 3391 17721 3 4441 0 0 910 0 0 0 0 0
1645162306 3525411 180448 3391 17721 3 4441 0 0 910 0 0 0 0 0
1645165543 3525423 180448 3391 17721 3 4441 0 0 910 0 0 0 0 0
1645169853 3525423 180789 3391 17721 3 4441 0 0 910 0 0 0 0 0
1645169971 3525423 180792 3391 17721 3 4441 0 0 910 0 0 0 0 0
1645174361 3525423 181007 3391 17721 3 4441 0 0 910 0 0 0 0 0
1645174904 3525423 181009 3391 17721 3 4441 0 0 910 0 0 0 0 0
1645175808 3525423 181009 3397 17721 3 4441 0 0 910 0 0 0 0 0
1645178431 3525423 181012 3397 17721 3 4441 0 0 910 0 0 0 0 0
1645178436 3525423 181012 3397 17721 3 4441 0 0 910 0 0 0 0 0
1645179166 3525423 181012 3397 17721 3 6863 0 0 910 0 0 0 0 0
1645179344 3525423 181012 3397 17721 3 6863 0 0 910 0 0 0 0 0
1645181165 3525423 181012 3397 17721 3 6893 0 0 910 0 0 0 0 0
1645182783 3525423 181012 3397 17721 3 6930 0 0 910 0 0 0 0 0
1645182978 3525423 181012 3397 17721 3 6932 0 0 910 0 0 0 0 0
1645184702 3525423 181012 3397 17727 3 6932 0 0 910 0 0 0 0 0
1645187513 3525423 181012 3397 17727 3 7252 0 0 910 0 0 0 0 0
1645194023 3525423 181012 3397 17727 3 7922 0 0 910 0 0 0 0 0
1645194626 3525423 181012 3397 18730 3 7922 0 0 910 0 0 0 0 0
1645196822 3525423 181012 3397 18730 3 7950 0 0 910 0 0 0 0 0
1645196970 3525423 181012 3397 18745 3 7950 0 0 910 0 0 0 0 0
1645196988 3525423 181012 3397 18745 3 7950 0 0 910 0 0 0 0 0
1645197995 3525423 181012 3397 18745 3 7966 0 0 910 0 0 0 0 0
1645198022 3525423 181012 3397 18745 3 7966 0 0 910 0 0 0 0 0
1645198100 3525423 181012 3397 18749 3 7966 0 0 910 0 0 0 0 0
1645198124 3525423 181012 3397 18749 3 7966 0 0 910 0 0 0 0 0
1645200965 3525423 181012 3397 18749 3 7970 0 0 910 0 0 0 0 0
1645204009 3525423 181012 3397 18749 3 7971 0 0 910 0 0 0 0 0
1645204249 3525423 181012 3397 38578 3 7971 0 0 910 0 0 0 0 0
1645404937 3525423 181014 3397 38578 3 7971 0 0 910 0 0 0 0 0
1645422224 3528781 181014 3397 38578 3 7971 0 0 910 0 0 0 0 0
1645422229 3528781 181014 3397 38578 3 7971 0 0 910 0 0 0 0 0
1645424933 3528781 181232 3397 38578 3 7971 0 0 910 0 0 0 0 0
1645424937 3528781 181232 3397 38578 3 7971 0 0 910 0 0 0 0 0
1645425760 3528781 181232 3397 38578 3 8001 0 0 910 0 0 0 0 0
1645425773 3528781 181232 3397 38578 3 8001 0 0 910 0 0 0 0 0
1645429954 3528799 181232 3397 38578 3 8001 0 0 910 0 0 0 0 0
1645431962 3528799 181248 3397 38578 3 8001 0 0 910 0 0 0 0 0
1645431966 3528799 181248 3397 38578 3 8001 0 0 910 0 0 0 0 0
1645491448 3529261 181248 3397 38578 3 8001 0 0 910 0 0 0 0 0
1645491453 3529261 181248 3397 38578 3 8001 0 0 910 0 0 0 0 0
1645491497 3529262 181248 3397 38578 3 8001 0 0 910 0 0 0 0 0
1645491576 3529262 181248 3397 38578 3 8001 0 0 910 0 0 0 0 0
1645492653 3529308 181248 3397 38578 3 8001 0 0 910 0 0 0 0 0
1645493225 3529308 181248 3397 38578 3 8001 0 0 910 0 0 0 0 0
1645500463 3529308 181353 3397 38578 3 8001 0 0 910 0 0 0 0 0
1645500467 3529308 181353 3397 38578 3 8001 0 0 910 0 0 0 0 0
1645500956 3529308 181353 3397 38578 3 8001 0 0 910 0 0 0 0 0
1645501606 3529308 181353 3397 38578 3 8284 0 0 910 0 0 0 0 0
1645501784 3529308 181353 3397 38578 3 8284 0 0 910 0 0 0 0 0
1645501896 3529308 181447 3397 38578 3 8284 0 0 910 0 0 0 0 0
1645501902 3529308 181447 3397 38578 3 8284 0 0 910 0 0 0 0 0
1645502251 3529308 181447 3397 38578 3 8284 0 0 910 0 0 0 0 0
1645509039 3529308 181447 3397 38578 3 8284 0 0 910 0 0 0 0 0
1645509048 3529308 181447 3397 38578 3 8284 0 0 910 0 0 0 0 0
1645517248 3529308 181447 3397 39346 3 8284 0 0 910 0 0 0 0 0
1645522932 3529887 181447 3397 39346 3 8284 0 0 910 0 0 0 0 0
1645522937 3529887 181447 3397 39346 3 8284 0 0 910 0 0 0 0 0
1645523893 3529887 181449 3397 39346 3 8284 0 0 910 0 0 0 0 0
1645540111 3529887 181449 3397 39346 3 8284 0 0 910 0 0 0 0 4
1645603104 3529972 181449 3397 39346 3 8284 0 0 910 0 0 0 0 4
1645603126 3529972 181449 3397 39346 3 8284 0 0 910 0 0 0 0 4
1645608171 3529972 181449 3397 39664 3 8284 0 0 910 0 0 0 0 4
1645608298 3529972 181449 3397 39664 3 8284 0 0 910 0 0 0 0 4
1645673032 3530017 181449 3397 39664 3 8284 0 0 910 0 0 0 0 4
1645673040 3530017 181449 3397 39664 3 8284 0 0 910 0 0 0 0 4
1645681872 3530055 181449 3397 39664 3 8284 0 0 910 0 0 0 0 4
1645682494 3530055 181449 3397 40731 3 8284 0 0 910 0 0 0 0 4
1645682503 3530055 181449 3397 40731 3 8284 0 0 910 0 0 0 0 4
1645687686 3530055 181451 3397 40731 3 8284 0 0 910 0 0 0 0 4
1645687690 3530055 181451 3397 40731 3 8284 0 0 910 0 0 0 0 4
1645688510 3530059 181451 3397 40731 3 8284 0 0 910 0 0 0 0 4
1645688515 3530059 181451 3397 40731 3 8284 0 0 910 0 0 0 0 4
1645688609 3530059 181451 3397 40731 3 8284 0 0 910 0 0 0 0 4
1645692321 3530059 181461 3397 40731 3 8284 0 0 910 0 0 0 0 4
1645698385 3530061 181461 3397 40731 3 8284 0 0 910 0 0 0 0 4
1645698391 3530061 181461 3397 40731 3 8284 0 0 910 0 0 0 0 4
1645703031 3530091 181461 3397 40731 3 8284 0 0 910 0 0 0 0 4
1645703080 3530092 181461 3397 40731 3 8284 0 0 910 0 0 0 0 4
1645751399 3530092 181461 3397 41030 3 8284 0 0 910 0 0 0 0 4
1645752174 3530092 181461 3397 41049 3 8284 0 0 910 0 0 0 0 4
1645769871 3547969 181461 3397 41049 3 8284 0 0 910 0 0 0 0 4
1645790067 3549803 181461 3397 41049 3 8284 0 0 910 0 0 0 0 4
1646012051 3549803 181461 3397 41049 3 8284 0 0 910 0 0 0 0 4
1646013655 3549803 181461 3397 41293 3 8284 0 0 910 0 0 0 0 4
1646033519 3549803 181461 3397 41909 3 8284 0 0 910 0 0 0 0 4
1646038345 3551677 181461 3397 41909 3 8284 0 0 910 0 0 0 0 4
1646038353 3551677 181461 3397 41909 3 8284 0 0 910 0 0 0 0 4
1646040394 3551684 181461 3397 41909 3 8284 0 0 910 0 0 0 0 4
1646043252 3551684 181461 3397 41909 3 8284 0 0 910 0 0 0 0 4
1646044603 3552034 181461 3397 41909 3 8284 0 0 910 0 0 0 0 4
1646044608 3552034 181461 3397 41909 3 8284 0 0 910 0 0 0 0 4
1646096171 3552034 181461 3397 42068 3 8284 0 0 910 0 0 0 0 4
1646099098 3552034 181461 3397 42424 3 8284 0 0 910 0 0 0 0 4
1646106255 3552034 181461 3397 42424 3 8284 0 0 910 0 0 0 0 4
1646110288 3552034 181461 3548 42424 3 8284 0 0 910 0 0 0 0 4
1646114035 3552050 181461 3548 42424 3 8284 0 0 910 0 0 0 0 4
1646114041 3552050 181461 3548 42424 3 8284 0 0 910 0 0 0 0 4
1646114528 3552050 181461 3558 42424 3 8284 0 0 910 0 0 0 0 4
1646115548 3552069 181461 3558 42424 3 8284 0 0 910 0 0 0 0 4
1646115553 3552069 181461 3558 42424 3 8284 0 0 910 0 0 0 0 4
1646123489 3552069 181461 3585 42424 3 8284 0 0 910 0 0 0 0 4
1646127614 3552069 181461 3617 42424 3 8284 0 0 910 0 0 0 0 4
1646192396 3552069 181461 3617 42766 3 8284 0 0 910 0 0 0 0 4
1646192408 3552069 181461 3617 42766 3 8284 0 0 910 0 0 0 0 4
1646192528 3552069 181461 3617 43108 3 8284 0 0 910 0 0 0 0 4
1646199324 3552069 181461 3617 43108 3 9981 0 0 910 0 0 0 0 4
1646199345 3552069 181461 3617 43108 3 9981 0 0 910 0 0 0 0 4
1646200709 3552134 181461 3617 43108 3 9981 0 0 910 0 0 0 0 4
1646200764 3552134 181461 3617 43108 3 9981 0 0 910 0 0 0 0 4
1646204319 3552134 181461 3617 43218 3 9981 0 0 910 0 0 0 0 4
1646205064 3552134 181461 3617 43218 3 9981 0 0 910 0 0 0 0 4
1646205226 3552134 181461 3617 43220 3 9981 0 0 910 0 0 0 0 4
1646268304 3552134 181461 3617 43382 3 9981 0 0 910 0 0 0 0 4
1646272711 3635117 181461 3617 43382 3 9981 0 0 910 0 0 0 0 4
1646272779 3635117 181461 3617 43382 3 9981 0 0 910 0 0 0 0 4
1646273196 3635117 181461 3617 43382 3 9981 0 0 910 0 0 0 0 4
1646279278 3635117 181461 3617 44631 3 9981 0 0 910 0 0 0 0 4
1646291382 3635117 181461 3617 44631 3 10195 0 0 910 0 0 0 0 4
1646291501 3635117 181461 3617 44631 3 10195 0 0 910 0 0 0 0 4
1646296994 3635117 181461 3617 45857 3 10195 0 0 910 0 0 0 0 4
1646298780 3635117 181461 3617 45868 3 10195 0 0 910 0 0 0 0 4
1646300965 3635135 181461 3617 45868 3 10195 0 0 910 0 0 0 0 4
1646300970 3635135 181461 3617 45868 3 10195 0 0 910 0 0 0 0 4
1646305178 3635135 181461 3617 46297 3 10195 0 0 910 0 0 0 0 4
1646305196 3635135 181461 3617 46297 3 10195 0 0 910 0 0 0 0 4
1646307637 3635135 181461 4256 46297 3 10195 0 0 910 0 0 0 0 4
1646307645 3635135 181461 4256 46297 3 10195 0 0 910 0 0 0 0 4
1646307917 3635135 181461 4426 46297 3 10195 0 0 910 0 0 0 0 4
1646355463 3635135 181461 4426 46297 3 10208 0 0 910 0 0 0 0 4
1646355473 3635135 181461 4426 46297 3 10208 0 0 910 0 0 0 0 4
1646356257 3635135 181461 5059 46297 3 10208 0 0 910 0 0 0 0 4
1646360087 3635135 181461 5059 46390 3 10208 0 0 910 0 0 0 0 4
1646363493 3635135 181461 6088 46390 3 10208 0 0 910 0 0 0 0 4
1646365289 3635135 181461 6088 46390 3 10208 0 0 910 0 0 0 0 4
1646365322 3635135 181461 6088 46477 3 10208 0 0 910 0 0 0 0 4
1646372092 3635135 181461 6088 46477 3 10209 0 0 910 0 0 0 0 4
1646372118 3635135 181461 6088 46477 3 10209 0 0 910 0 0 0 0 4
1646373756 3635135 181461 6088 46490 3 10209 0 0 910 0 0 0 0 4
1646384159 3635135 181461 10929 46490 3 10209 0 0 910 0 0 0 0 4
1646384721 3635135 181461 10929 46490 3 10215 0 0 910 0 0 0 0 4
1646384732 3635135 181461 10929 46490 3 10215 0 0 910 0 0 0 0 4
1646392486 3635135 181461 10976 46490 3 10215 0 0 910 0 0 0 0 4
1646447932 3635135 181461 10976 46490 3 10215 0 421 910 0 0 0 0 4
1646447944 3635135 181461 10976 46490 3 10215 0 421 910 0 0 0 0 4
1646461245 3635135 181461 10976 46490 3 10215 0 736 910 0 0 0 0 4
1646463172 3635135 181461 10976 46490 3 10215 0 748 910 0 0 0 0 4
1646613674 3635135 181461 10976 46490 5 10215 0 748 910 0 0 0 0 4
1646613686 3635135 181461 10976 46490 5 10215 0 748 910 0 0 0 0 4
1646613958 3635135 181461 10976 46490 5 10215 0 787 910 0 0 0 0 4
1646615845 3635135 181461 10976 46490 5 10215 0 787 910 0 0 0 0 4
1646616515 3635135 181461 10976 46490 7 10215 0 787 910 0 0 0 0 4
1646616519 3635135 181461 10976 46490 7 10215 0 787 910 0 0 0 0 4
1646617436 3635135 181461 10976 46490 11 10215 0 787 910 0 0 0 0 4
1646618556 3635135 181461 10976 46490 124 10215 0 787 910 0 0 0 0 4
1646633397 3635135 181461 10976 46490 124 10215 0 875 910 0 0 0 0 4
1646638115 3635135 181461 10976 46490 124 10215 0 921 910 0 0 0 0 4
1646640108 3635135 181461 10976 46490 124 10215 0 939 910 0 0 0 0 4
1646640118 3635135 181461 10976 46490 124 10215 0 939 910 0 0 0 0 4
1646641257 3635135 181461 10976 46490 124 10215 0 939 910 0 0 7 0 4
1646641274 3635135 181461 10976 46490 124 10215 0 939 910 0 0 7 0 4
1646641877 3635135 181461 15111 46490 124 10215 0 939 910 0 0 7 0 4
1646642552 3635135 181461 15111 46490 124 10215 0 943 910 0 0 7 0 4
1646644891 3635135 182522 15111 46490 124 10215 0 943 910 0 0 7 0 4
1646644895 3635135 182522 15111 46490 124 10215 0 943 910 0 0 7 0 4
1646645421 3635135 182522 15111 46490 140 10215 0 943 910 0 0 7 0 4
1646645426 3635135 182522 15111 46490 140 10215 0 943 910 0 0 7 0 4
1646650835 3635135 182522 15111 46490 140 10215 0 962 910 0 0 7 0 4
1646650850 3635135 182522 15111 46490 140 10215 0 962 910 0 0 7 0 4
1646705199 3635135 182522 15111 46490 140 10215 0 1001 910 0 0 7 0 4
1646705472 3635135 182522 15111 46490 140 10215 0 1001 910 0 0 3333 0 4
1646706985 3635135 182528 15111 46490 140 10215 0 1001 910 0 0 3333 0 4
1646706990 3635135 182528 15111 46490 140 10215 0 1001 910 0 0 3333 0 4
1646709619 3635135 182528 15111 46490 140 10215 0 1001 910 0 0 3427 0 4
1646719099 3635135 182528 29051 46490 140 10215 0 1001 910 0 0 3427 0 4
1646719139 3635135 182528 29051 46490 140 10215 0 1001 910 0 0 3427 0 4
1646724110 3635135 182528 29728 46490 140 10215 0 1001 910 0 0 3427 0 4
1646725478 3635135 182528 29744 46490 140 10215 0 1001 910 0 0 3427 0 4
1646731869 3635135 182762 29744 46490 140 10215 0 1001 910 0 0 3427 0 4
1646731995 3635135 182768 29744 46490 140 10215 0 1001 910 0 0 3427 0 4
1646732515 3635135 182768 29744 46490 140 10215 0 2109 910 0 0 3427 0 4
1646732524 3635135 182768 29744 46490 140 10215 0 2109 910 0 0 3427 0 4
1646733956 3635135 182768 29744 46490 140 10215 0 2109 910 0 0 3982 0 4
1646736494 3635135 182769 29744 46490 140 10215 0 2109 910 0 0 3982 0 4
1646736498 3635135 182769 29744 46490 140 10215 0 2109 910 0 0 3982 0 4
1646789929 3635135 182769 29746 46490 140 10215 0 2109 910 0 0 3982 0 4
1646797370 3635135 182769 29746 46490 140 10215 0 2109 910 0 0 3984 0 4
1646797379 3635135 182769 29746 46490 140 10215 0 2109 910 0 0 3984 0 4
1646810418 3635135 182769 29746 46490 2234 10215 0 2109 910 0 0 3984 0 4
1646810424 3635135 182769 29746 46490 2234 10215 0 2109 910 0 0 3984 0 4
1646811324 3635135 182769 29958 46490 2234 10215 0 2109 910 0 0 3984 0 4
1646818880 3635135 183552 29958 46490 2234 10215 0 2109 910 0 0 3984 0 4
1646818890 3635135 183552 29958 46490 2234 10215 0 2109 910 0 0 3984 0 4
1646819799 3635135 183552 30503 46490 2234 10215 0 2109 910 0 0 3984 0 4
1646820085 3635135 183554 30503 46490 2234 10215 0 2109 910 0 0 3984 0 4
1646820090 3635135 183554 30503 46490 2234 10215 0 2109 910 0 0 3984 0 4
1646822463 3635135 183554 30503 46490 2234 10215 0 2590 910 0 0 3984 0 4
1646822487 3635135 183554 30503 46490 2234 10215 0 2590 910 0 0 3984 0 4
1646826231 3635135 183554 30503 46490 2234 10215 0 2590 910 0 0 3984 0 4
1646880281 3635135 183554 30503 46490 2234 10215 0 2905 910 0 0 3984 0 4
1646904320 3635135 183554 30705 46490 2234 10215 0 2905 910 0 0 3984 0 4
1646905669 3635135 183554 30705 46490 2234 10215 0 2905 910 0 0 6901 0 4
1646905719 3635135 183554 30705 46490 2234 10215 0 2905 910 0 0 6901 0 4
1646909783 3635135 185268 30705 46490 2234 10215 0 2905 910 0 0 6901 0 4
1646909788 3635135 185268 30705 46490 2234 10215 0 2905 910 0 0 6901 0 4
1646915566 3635135 185268 30705 46490 2234 10215 0 2905 910 0 0 6901 0 4
1646969054 3635135 185268 30705 46490 2280 10215 0 2905 910 0 0 6901 0 4
1646969061 3635135 185268 30705 46490 2280 10215 0 2905 910 0 0 6901 0 4
1646977774 3635135 185268 30707 46490 2280 10215 0 2905 910 0 0 6901 0 4
1646977907 3635135 185563 30707 46490 2280 10215 0 2905 910 0 0 6901 0 4
1646977984 3635135 185563 30707 46490 2280 10215 0 2905 910 0 0 6901 0 4
1646978355 3635135 185563 30707 46490 2285 10215 0 2905 910 0 0 6901 0 4
1646978362 3635135 185563 30707 46490 2285 10215 0 2905 910 0 0 6901 0 4
1646980597 3635135 185563 32524 46490 2285 10215 0 2905 910 0 0 6901 0 4
1646980612 3635135 185563 32530 46490 2285 10215 0 2905 910 0 0 6901 0 4
1646981348 3635135 185563 32543 46490 2285 10215 0 2905 910 0 0 6901 0 4
1646985266 3635135 185563 32559 46490 2285 10215 0 2905 910 0 0 6901 0 4
1646989717 3635135 185563 32559 46490 2285 10215 0 41222 910 0 0 6901 0 4
1646994299 3635135 185588 32559 46490 2285 10215 0 41222 910 0 0 6901 0 4
1646994303 3635135 185588 32559 46490 2285 10215 0 41222 910 0 0 6901 0 4
1646997118 3635135 185588 32559 46490 2340 10215 0 41222 910 0 0 6901 0 4
1646997127 3635135 185588 32559 46490 2340 10215 0 41222 910 0 0 6901 0 4
1646997201 3635135 185588 32559 46490 2342 10215 0 41222 910 0 0 6901 0 4
1647068903 3635135 185588 32559 46490 65782 10215 0 41222 910 0 0 6901 0 4
1647068950 3635135 185588 32559 46490 65782 10215 0 41222 910 0 0 6901 0 4
1647071648 3635135 185588 32559 46490 65835 10215 0 41222 910 0 0 6901 0 4
1647218433 3635135 185588 32559 46490 65888 10215 0 41222 910 0 0 6901 0 4
1647219017 3635135 185588 32571 46490 65888 10215 0 41222 910 0 0 6901 0 4
1647226775 3635135 185588 32571 46490 65941 10215 0 41222 910 0 0 6901 0 4
1647226781 3635135 185588 32571 46490 65941 10215 0 41222 910 0 0 6901 0 4
1647229869 3635135 185588 32571 46490 65944 10215 0 41222 910 0 0 6901 0 4
1647241693 3635135 185588 32571 46490 65944 10215 0 41222 910 0 0 6901 0 4
1647241697 3635135 185588 32571 46490 65944 10215 0 41222 910 0 0 6901 0 4
1647246794 3635135 185588 32571 46490 65966 10215 0 41222 910 0 0 6901 0 4
1647246799 3635135 185588 32571 46490 65966 10215 0 41222 910 0 0 6901 0 4
1647252552 3635135 185588 32571 46490 65969 10215 0 41222 910 0 0 6901 0 4
1647252561 3635135 186091 32571 46490 65969 10215 0 41222 910 0 0 6901 0 4
1647252567 3635135 186091 32571 46490 65969 10215 0 41222 910 0 0 6901 0 4
1647252658 3635135 186091 32571 46490 65969 12169 0 41222 910 0 0 6901 0 4
1647252738 3635135 186091 32571 46490 65969 12176 0 41222 910 0 0 6901 0 4
1647252748 3635135 186091 32571 46490 65969 12176 0 41222 910 0 0 6901 0 4
1647253042 3635135 186092 32571 46490 65969 12176 0 41222 910 0 0 6901 0 4
1647253053 3635135 186092 32571 46490 65969 12176 0 41222 910 0 0 6901 0 4
1647253152 3635135 186092 32571 46490 65969 12176 0 41469 910 0 0 6901 0 4
1647253565 3635135 186092 32571 46490 65969 12176 0 41469 910 0 0 6901 0 4
1647253598 3635135 186132 32571 46490 65969 12176 0 41469 910 0 0 6901 0 4
1647253637 3635135 186134 32571 46490 65969 12176 0 41469 910 0 0 6901 0 4
1647253641 3635135 186134 32571 46490 65969 12176 0 41469 910 0 0 6901 0 4
1647254096 3635135 186134 32571 46490 65969 12176 0 41469 910 0 0 6901 0 4
1647255078 3635135 186134 35239 46490 65969 12176 0 41469 910 0 0 6901 0 4
1647255082 3635135 186134 35239 46490 65969 12176 0 41469 910 0 0 6901 0 4
1647255630 3635135 186134 35246 46490 65969 12176 0 41469 910 0 0 6901 0 4
1647256612 3635135 186134 35246 46490 65969 12176 0 41469 910 0 0 6901 0 4
1647256627 3635135 186134 35284 46490 65969 12176 0 41469 910 0 0 6901 0 4
1647256649 3635135 186134 35284 46490 65969 12176 0 41469 910 0 0 6901 0 4
1647262293 3635135 186134 35284 46490 66103 12176 0 41469 910 0 0 6901 0 4
1647262395 3635135 186134 35580 46490 66103 12176 0 41469 910 0 0 6901 0 4
1647262493 3635135 186134 35580 46490 66103 12176 0 41469 910 0 0 6901 0 4
1647304881 3635135 186134 35580 46490 66103 12367 0 41469 910 0 0 6901 0 4
1647309525 3635135 186134 35580 46490 66103 12374 0 41469 910 0 0 6901 0 4
1647309840 3635135 186147 35580 46490 66103 12374 0 41469 910 0 0 6901 0 4
1647312090 3635135 186147 36220 46490 66103 12374 0 41469 910 0 0 6901 0 4
1647312097 3635135 186147 36220 46490 66103 12374 0 41469 910 0 0 6901 0 4
1647313791 3635135 186153 36220 46490 66103 12374 0 41469 910 0 0 6901 0 4
1647313795 3635135 186153 36220 46490 66103 12374 0 41469 910 0 0 6901 0 4
1647315828 3635135 186153 36220 46490 66103 13505 0 41469 910 0 0 6901 0 4
1647315836 3635135 186153 36220 46490 66103 13505 0 41469 910 0 0 6901 0 4
1647322265 3635135 186153 36534 46490 66103 13505 0 41469 910 0 0 6901 0 4
1647322277 3635135 186153 36534 46490 66103 13505 0 41469 910 0 0 6901 0 4
1647323516 3635135 186153 36534 46490 66103 13559 0 41469 910 0 0 6901 0 4
1647323527 3635135 186153 36534 46490 66103 13559 0 41469 910 0 0 6901 0 4
1647323826 3635135 186153 36534 46490 66145 13559 0 41469 910 0 0 6901 0 4
1647323830 3635135 186153 36534 46490 66145 13559 0 41469 910 0 0 6901 0 4
1647323878 3635135 186153 36534 46490 66145 13559 0 41469 910 0 0 6901 0 4
1647324328 3635135 186155 36534 46490 66145 13559 0 41469 910 0 0 6901 0 4
1647324359 3635135 186267 36534 46490 66145 13559 0 41469 910 0 0 6901 0 4
1647324888 3635135 186269 36534 46490 66145 13559 0 41469 910 0 0 6901 0 4
1647325076 3635135 186269 36882 46490 66145 13559 0 41469 910 0 0 6901 0 4
1647325092 3635135 186269 36882 46490 66145 13559 0 41469 910 0 0 6901 0 4
1647325131 3635135 186269 36882 46490 66145 13561 0 41469 910 0 0 6901 0 4
1647325151 3635135 186269 36882 46490 66145 13561 0 41469 910 0 0 6901 0 4
1647325577 3635135 186270 36882 46490 66145 13561 0 41469 910 0 0 6901 0 4
1647325581 3635135 186270 36882 46490 66145 13561 0 41469 910 0 0 6901 0 4
1647326207 3635135 186270 36882 46490 66145 13567 0 41469 910 0 0 6901 0 4
1647326214 3635135 186270 36882 46490 66145 13567 0 41469 910 0 0 6901 0 4
1647328214 3635135 186270 36882 46490 66145 13591 0 41469 910 0 0 6901 0 4
1647329113 3635135 186270 36882 46490 66145 13604 0 41469 910 0 0 6901 0 4
1647330349 3635135 186270 37021 46490 66145 13604 0 41469 910 0 0 6901 0 4
1647330357 3635135 186270 37021 46490 66145 13604 0 41469 910 0 0 6901 0 4
1647331452 3635135 186270 37021 46490 66145 13604 0 41469 910 0 0 6910 0 4
1647336183 3635135 186270 37511 46490 66145 13604 0 41469 910 0 0 6910 0 4
1647336363 3635135 186405 37511 46490 66145 13604 0 41469 910 0 0 6910 0 4
1647336367 3635135 186405 37511 46490 66145 13604 0 41469 910 0 0 6910 0 4
1647337080 3635135 186405 37537 46490 66145 13604 0 41469 910 0 0 6910 0 4
1647337086 3635135 186405 37537 46490 66145 13604 0 41469 910 0 0 6910 0 4
1647342447 3635135 186405 37540 46490 66145 13604 0 41469 910 0 0 6910 0 4
1647342694 3635135 186405 37540 46490 66145 14851 0 41469 910 0 0 6910 0 4
1647342923 3635135 186405 37548 46490 66145 14851 0 41469 910 0 0 6910 0 4
1647343008 3635135 186405 37548 46490 66145 14851 0 41469 910 0 0 6910 0 4
1647343010 3635135 186405 37548 46490 66145 14858 0 41469 910 0 0 6910 0 4
1647343107 3635135 186405 37548 46490 66145 14858 0 41469 910 0 0 6910 0 4
1647343917 3635135 186405 37548 46490 66145 15318 0 41469 910 0 0 6910 0 4
1647343986 3635135 186405 37550 46490 66145 15318 0 41469 910 0 0 6910 0 4
1647343990 3635135 186405 37550 46490 66145 15318 0 41469 910 0 0 6910 0 4
1647394815 3635135 186405 37550 46490 66145 15318 9 41469 910 0 0 6910 0 4
1647398767 3635135 186405 37787 46490 66145 15318 9 41469 910 0 0 6910 0 4
1647398775 3635135 186405 37787 46490 66145 15318 9 41469 910 0 0 6910 0 4
1647406830 3635135 186405 37787 46490 66145 15318 1015 41469 910 0 0 6910 0 4
1647415568 3635135 186405 37945 46490 66145 15318 1015 41469 910 0 0 6910 0 4
1647415574 3635135 186405 37945 46490 66145 15318 1015 41469 910 0 0 6910 0 4
1647420901 3635135 186424 37945 46490 66145 15318 1015 41469 910 0 0 6910 0 4
1647421004 3635135 187537 37945 46490 66145 15318 1015 41469 910 0 0 6910 0 4
1647421048 3635135 187537 37945 46490 66145 15318 1015 41469 910 0 0 6910 0 4
1647422778 3635135 187537 37945 46490 66145 15318 1017 41469 910 0 0 6910 0 4
1647423819 3635135 187537 38136 46490 66145 15318 1017 41469 910 0 0 6910 0 4
1647423826 3635135 187537 38136 46490 66145 15318 1017 41469 910 0 0 6910 0 4
1647424213 3635135 187543 38136 46490 66145 15318 1017 41469 910 0 0 6910 0 4
1647424216 3635135 187543 38136 46490 66145 15318 1017 41469 910 0 0 6910 0 4
1647424287 3635135 187543 38138 46490 66145 15318 1017 41469 910 0 0 6910 0 4
1647424292 3635135 187543 38138 46490 66145 15318 1017 41469 910 0 0 6910 0 4
1647426164 3635135 187543 38138 46490 66145 15318 1067 41469 910 0 0 6910 0 4
1647426567 3635135 187543 38182 46490 66145 15318 1067 41469 910 0 0 6910 0 4
1647481459 3635135 187543 38182 46490 66147 15318 1067 41469 910 0 0 6910 0 4
1647486367 3635135 187543 38967 46490 66147 15318 1067 41469 910 0 0 6910 0 4
1647486375 3635135 187543 38967 46490 66147 15318 1067 41469 910 0 0 6910 0 4
1647489847 3635135 187543 38967 46490 66147 15318 2269 41469 910 0 0 6910 0 4
1647493321 3635135 187543 39302 46490 66147 15318 2269 41469 910 0 0 6910 0 4
1647493326 3635135 187543 39302 46490 66147 15318 2269 41469 910 0 0 6910 0 4
1647495341 3635135 187543 39302 46490 66171 15318 2269 41469 910 0 0 6910 0 4
1647495352 3635135 187543 39302 46490 66171 15318 2269 41469 910 0 0 6910 0 4
1647495872 3635135 187543 39302 46490 66171 15318 2269 41469 910 0 0 6910 0 4
1647495939 3635135 187590 39302 46490 66171 15318 2269 41469 910 0 0 6910 0 4
1647495944 3635135 187590 39302 46490 66171 15318 2269 41469 910 0 0 6910 0 4
1647496376 3635135 187603 39302 46490 66171 15318 2269 41469 910 0 0 6910 0 4
1647497562 3635135 187616 39302 46490 66171 15318 2269 41469 910 0 0 6910 0 4
1647501785 3635135 187616 39302 46490 66228 15318 2269 41469 910 0 0 6910 0 4
1647501790 3635135 187616 39302 46490 66228 15318 2269 41469 910 0 0 6910 0 4
1647502005 3635135 187629 39302 46490 66228 15318 2269 41469 910 0 0 6910 0 4
1647502009 3635135 187629 39302 46490 66228 15318 2269 41469 910 0 0 6910 0 4
1647503899 3635135 187629 39302 46490 66240 15318 2269 41469 910 0 0 6910 0 4
1647503903 3635135 187629 39302 46490 66240 15318 2269 41469 910 0 0 6910 0 4
1647503964 3635135 187629 39302 46490 66244 15318 2269 41469 910 0 0 6910 0 4
1647504102 3635135 187629 39302 46490 66262 15318 2269 41469 910 0 0 6910 0 4
1647505540 3635135 187672 39302 46490 66262 15318 2269 41469 910 0 0 6910 0 4
1647505544 3635135 187672 39302 46490 66262 15318 2269 41469 910 0 0 6910 0 4
1647510404 3635135 187688 39302 46490 66262 15318 2269 41469 910 0 0 6910 0 4
1647510894 3635135 187692 39302 46490 66262 15318 2269 41469 910 0 0 6910 0 4
1647510944 3635135 187692 39302 46490 66262 15318 2269 41480 910 0 0 6910 0 4
1647510970 3635135 187692 39302 46490 66262 15318 2269 41480 910 0 0 6910 0 4
1647516714 3635135 187692 40686 46490 66262 15318 2269 41480 910 0 0 6910 0 4
1647516719 3635135 187692 40686 46490 66262 15318 2269 41480 910 0 0 6910 0 4
1647517533 3635135 187692 40686 46490 66262 15318 3557 41480 910 0 0 6910 0 4
1647517657 3635135 187692 40686 46490 66262 15318 3557 41480 910 0 0 6910 0 4
1647565108 3635135 187692 40686 46490 66262 15318 3982 41480 910 0 0 6910 0 4
1647567428 3635135 187692 40875 46490 66262 15318 3982 41480 910 0 0 6910 0 4
1647567432 3635135 187692 40875 46490 66262 15318 3982 41480 910 0 0 6910 0 4
1647567435 3635135 187692 40875 46490 66262 15318 3982 41482 910 0 0 6910 0 4
1647567444 3635135 187692 40875 46490 66262 15318 3982 41482 910 0 0 6910 0 4
1647567519 3635135 187692 40875 46490 66284 15318 3982 41482 910 0 0 6910 0 4
1647567551 3635135 187692 40875 46490 66284 15318 3982 41490 910 0 0 6910 0 4
1647567615 3635135 187692 40875 46490 66284 15318 3982 41490 910 0 0 6910 0 4
1647567928 3635135 187692 40875 46490 66284 15318 3982 41490 910 0 0 6910 0 4
1647567933 3635135 187692 40875 46490 66284 15318 3982 41490 910 0 0 6910 0 4
1647569147 3635135 188410 40875 46490 66284 15318 3982 41490 910 0 0 6910 0 4
1647569162 3635135 188411 40875 46490 66284 15318 3982 41490 910 0 0 6910 0 4
1647569166 3635135 188411 40875 46490 66284 15318 3982 41490 910 0 0 6910 0 4
1647569191 3635135 188411 40875 46490 66284 15318 3982 41490 910 0 0 6910 0 4
1647569672 3635135 188411 41291 46490 66284 15318 3982 41490 910 0 0 6910 0 4
1647569676 3635135 188411 41291 46490 66284 15318 3982 41490 910 0 0 6910 0 4
1647570382 3635135 188518 41291 46490 66284 15318 3982 41490 910 0 0 6910 0 4
1647570386 3635135 188518 41291 46490 66284 15318 3982 41490 910 0 0 6910 0 4
1647572602 3635135 189149 41291 46490 66284 15318 3982 41490 910 0 0 6910 0 4
1647574742 3635135 189149 41291 46490 66284 15318 4384 41490 910 0 0 6910 0 4
1647574752 3635135 189149 41291 46490 66284 15318 4384 41490 910 0 0 6910 0 4
1647579210 3635135 189149 42376 46490 66284 15318 4384 41490 910 0 0 6910 0 4
1647579314 3635135 189149 42376 46490 66284 15318 4384 41490 910 0 0 6910 0 4
1647580407 3635135 189306 42376 46490 66284 15318 4384 41490 910 0 0 6910 0 4
1647580413 3635135 189306 42376 46490 66284 15318 4384 41490 910 0 0 6910 0 4
1647580455 3635135 189306 42385 46490 66284 15318 4384 41490 910 0 0 6910 0 4
1647580459 3635135 189306 42385 46490 66284 15318 4384 41490 910 0 0 6910 0 4
1647582160 3635135 189314 42385 46490 66284 15318 4384 41490 910 0 0 6910 0 4
1647582164 3635135 189314 42385 46490 66284 15318 4384 41490 910 0 0 6910 0 4
1647582370 3635135 189314 42385 46490 66284 15318 4384 41490 910 0 0 6910 0 4
1647582959 3635135 189316 42385 46490 66284 15318 4384 41490 910 0 0 6910 0 4
1647583360 3635135 189316 42385 46490 66284 15318 4384 41490 910 0 0 6910 0 4
1647583527 3635135 189316 42385 46490 66284 15318 4771 41490 910 0 0 6910 0 4
1647583536 3635135 189316 42385 46490 66284 15318 4771 41490 910 0 0 6910 0 4
1647583570 3635135 189316 42385 46490 66284 15318 4771 41490 910 0 0 6910 0 4
1647584098 3635135 189316 42571 46490 66284 15318 4771 41490 910 0 0 6910 0 4
1647584110 3635135 189316 42571 46490 66284 15318 4771 41490 910 0 0 6910 0 4
1647584168 3635135 189316 42571 46490 66284 15318 4771 41490 910 0 0 6910 0 4
1647586081 3635135 189316 42584 46490 66284 15318 4771 41490 910 0 0 6910 0 4
1647586179 3635135 189541 42584 46490 66284 15318 4771 41490 910 0 0 6910 0 4
1647586182 3635135 189541 42584 46490 66284 15318 4771 41490 910 0 0 6910 0 4
1647586427 3635135 189541 42897 46490 66284 15318 4771 41490 910 0 0 6910 0 4
1647586432 3635135 189541 42897 46490 66284 15318 4771 41490 910 0 0 6910 0 4
1647590459 3635135 189541 43457 46490 66284 15318 4771 41490 910 0 0 6910 0 4
1647592174 3635135 189541 43457 46490 66284 15318 4787 41490 910 0 0 6910 0 4
1647592264 3635135 189541 43457 46490 66284 15318 4787 41490 910 0 0 6910 0 4
1647592562 3635135 189541 43457 46490 66284 15318 4795 41490 910 0 0 6910 0 4
1647592616 3635135 189541 43457 46490 66284 15318 4795 41490 910 0 0 6910 0 4
1647593004 3635135 189541 43459 46490 66284 15318 4795 41490 910 0 0 6910 0 4
1647593008 3635135 189541 43459 46490 66284 15318 4795 41490 910 0 0 6910 0 4
1647593794 3635135 189793 43459 46490 66284 15318 4795 41490 910 0 0 6910 0 4
1647593802 3635135 189793 43459 46490 66284 15318 4795 41490 910 0 0 6910 0 4
1647595609 3635135 189798 43459 46490 66284 15318 4795 41490 910 0 0 6910 0 4
1647595858 3635135 189798 43484 46490 66284 15318 4795 41490 910 0 0 6910 0 4
1647595863 3635135 189798 43484 46490 66284 15318 4795 41490 910 0 0 6910 0 4
1647596081 3635135 189798 43484 46490 66284 15318 4847 41490 910 0 0 6910 0 4
1647596090 3635135 189798 43484 46490 66284 15318 4847 41490 910 0 0 6910 0 4
1647597056 3635135 189798 43517 46490 66284 15318 4847 41490 910 0 0 6910 0 4
1647597061 3635135 189798 43517 46490 66284 15318 4847 41490 910 0 0 6910 0 4
1647597558 3635135 189964 43517 46490 66284 15318 4847 41490 910 0 0 6910 0 4
1647597561 3635135 189964 43517 46490 66284 15318 4847 41490 910 0 0 6910 0 4
1647601594 3635135 189964 43517 46490 66284 15318 4847 41490 910 0 0 6910 0 4
1647605310 3635135 189964 43517 46490 66303 15318 4847 41490 910 0 0 6910 0 4
1647652403 3635135 189964 43519 46490 66303 15318 4847 41490 910 0 0 6910 0 4
1647652411 3635135 189964 43519 46490 66303 15318 4847 41490 910 0 0 6910 0 4
1647653943 3635135 189964 43559 46490 66303 15318 4847 41490 910 0 0 6910 0 4
1647657103 3635135 189964 43850 46490 66303 15318 4847 41490 910 0 0 6910 0 4
1647657696 3635135 189964 43850 46490 66303 15318 4864 41490 910 0 0 6910 0 4
1647657710 3635135 189964 43850 46490 66303 15318 4864 41490 910 0 0 6910 0 4
1647660485 3635135 189964 43850 46490 66303 15318 4904 41490 910 0 0 6910 0 4
1647661530 3635135 189964 43850 46490 66303 15318 4908 41490 910 0 0 6910 0 4
1647661804 3635135 189964 43857 46490 66303 15318 4908 41490 910 0 0 6910 0 4
1647661809 3635135 189964 43857 46490 66303 15318 4908 41490 910 0 0 6910 0 4
1647663058 3635135 189976 43857 46490 66303 15318 4908 41490 910 0 0 6910 0 4
1647663064 3635135 189976 43857 46490 66303 15318 4908 41490 910 0 0 6910 0 4
1647663176 3635135 189976 43860 46490 66303 15318 4908 41490 910 0 0 6910 0 4
1647663181 3635135 189976 43860 46490 66303 15318 4908 41490 910 0 0 6910 0 4
1647663903 3635135 189976 43860 46490 66303 15318 4953 41490 910 0 0 6910 0 4
1647663910 3635135 189976 43860 46490 66303 15318 4953 41490 910 0 0 6910 0 4
1647663961 3635135 189976 43874 46490 66303 15318 4953 41490 910 0 0 6910 0 4
1647663965 3635135 189976 43874 46490 66303 15318 4953 41490 910 0 0 6910 0 4
1647667828 3635135 189976 44099 46490 66303 15318 4953 41490 910 0 0 6910 0 4
1647668167 3635135 189981 44099 46490 66303 15318 4953 41490 910 0 0 6910 0 4
1647668170 3635135 189981 44099 46490 66303 15318 4953 41490 910 0 0 6910 0 4
1647670514 3635135 189981 44111 46490 66303 15318 4953 41490 910 0 0 6910 0 4
1647670518 3635135 189981 44111 46490 66303 15318 4953 41490 910 0 0 6910 0 4
1647675522 3635135 189981 44111 46490 66303 15318 5002 41490 910 0 0 6910 0 4
1647675542 3635135 189981 44111 46490 66303 15318 5002 41490 910 0 0 6910 0 4
1647676144 3635135 190028 44111 46490 66303 15318 5002 41490 910 0 0 6910 0 4
1647676151 3635135 190028 44111 46490 66303 15318 5002 41490 910 0 0 6910 0 4
1647676200 3635135 190521 44111 46490 66303 15318 5002 41490 910 0 0 6910 0 4
1647676483 3635135 190521 44306 46490 66303 15318 5002 41490 910 0 0 6910 0 4
1647676531 3635135 190521 44306 46490 66303 15318 5002 41490 910 0 0 6910 0 4
1647677149 3635135 190521 44306 46490 66303 15318 5041 41490 910 0 0 6910 0 4
1647677161 3635135 190521 44306 46490 66303 15318 5041 41490 910 0 0 6910 0 4
1647677623 3635135 190521 44306 46490 66324 15318 5041 41490 910 0 0 6910 0 4
1647677908 3635135 190521 44306 46490 66324 15318 5041 41490 910 0 0 6910 0 4
1647678104 3635135 190521 44314 46490 66324 15318 5041 41490 910 0 0 6910 0 4
1647678111 3635135 190521 44314 46490 66324 15318 5041 41490 910 0 0 6910 0 4
1647679291 3635135 190524 44314 46490 66324 15318 5041 41490 910 0 0 6910 0 4
1647679294 3635135 190524 44314 46490 66324 15318 5041 41490 910 0 0 6910 0 4
1647684283 3635135 190524 44314 46490 66324 15318 5099 41490 910 0 0 6910 0 4
1647684492 3635135 190524 44314 46490 66324 15318 5100 41490 910 0 0 6910 0 4
1647686453 3635135 190524 44314 46490 66324 15318 5110 41490 910 0 0 6910 0 4
1647686502 3635135 190524 44314 46490 66407 15318 5110 41490 910 0 0 6910 0 4
1647686506 3635135 190524 44314 46490 66407 15318 5110 41490 910 0 0 6910 0 4
1647687483 3635135 190524 44750 46490 66407 15318 5110 41490 910 0 0 6910 0 4
1647687487 3635135 190524 44750 46490 66407 15318 5110 41490 910 0 0 6910 0 4
1647688484 3635135 190524 44750 46490 66407 15318 5118 41490 910 0 0 6910 0 4
1647688492 3635135 190524 44750 46490 66407 15318 5118 41490 910 0 0 6910 0 4
1647688538 3635135 190524 44769 46490 66407 15318 5118 41490 910 0 0 6910 0 4
1647688547 3635135 190524 44769 46490 66407 15318 5118 41490 910 0 0 6910 0 4
1647689340 3635135 190524 44769 46490 66414 15318 5118 41490 910 0 0 6910 0 4
1647689345 3635135 190524 44769 46490 66414 15318 5118 41490 910 0 0 6910 0 4
1647689389 3635135 190524 44769 46490 66415 15318 5118 41490 910 0 0 6910 0 4
1647689615 3635135 190524 44769 46490 66415 15318 5122 41490 910 0 0 6910 0 4
1647689639 3635135 190524 44769 46490 66415 15318 5122 41490 910 0 0 6910 0 4
1647689687 3635135 190524 44771 46490 66415 15318 5122 41490 910 0 0 6910 0 4
1647689691 3635135 190524 44771 46490 66415 15318 5122 41490 910 0 0 6910 0 4
1647690366 3635135 190524 44771 46490 66415 15318 5123 41490 910 0 0 6910 0 4
1647690375 3635135 190524 44771 46490 66415 15318 5123 41490 910 0 0 6910 0 4
1647690558 3635135 190524 44773 46490 66415 15318 5123 41490 910 0 0 6910 0 4
1647690563 3635135 190524 44773 46490 66415 15318 5123 41490 910 0 0 6910 0 4
1647691993 3635135 190526 44773 46490 66415 15318 5123 41490 910 0 0 6910 0 4
1647691996 3635135 190526 44773 46490 66415 15318 5123 41490 910 0 0 6910 0 4
1647692497 3635135 190526 44773 46490 66415 15318 5125 41490 910 0 0 6910 0 4
1647692504 3635135 190526 44773 46490 66415 15318 5125 41490 910 0 0 6910 0 4
1647694257 3635135 190526 44867 46490 66415 15318 5125 41490 910 0 0 6910 0 4
1647694262 3635135 190526 44867 46490 66415 15318 5125 41490 910 0 0 6910 0 4
1647696509 3635135 190531 44867 46490 66415 15318 5125 41490 910 0 0 6910 0 4
1647696512 3635135 190531 44867 46490 66415 15318 5125 41490 910 0 0 6910 0 4
1647696535 3635135 190531 44869 46490 66415 15318 5125 41490 910 0 0 6910 0 4
1647696538 3635135 190531 44869 46490 66415 15318 5125 41490 910 0 0 6910 0 4
1647696659 3635135 190532 44869 46490 66415 15318 5125 41490 910 0 0 6910 0 4
1647696664 3635135 190532 44869 46490 66415 15318 5125 41490 910 0 0 6910 0 4
1647697816 3635135 190536 44869 46490 66415 15318 5125 41490 910 0 0 6910 0 4
1647698711 3635135 190536 44869 46490 66514 15318 5125 41490 910 0 0 6910 0 4
1647698717 3635135 190536 44869 46490 66514 15318 5125 41490 910 0 0 6910 0 4
1647700259 3635135 190536 44903 46490 66514 15318 5125 41490 910 0 0 6910 0 4
1647700264 3635135 190536 44903 46490 66514 15318 5125 41490 910 0 0 6910 0 4
1647700290 3635135 190536 44903 46490 66514 15318 5125 41490 910 0 0 6910 0 4
1647700303 3635135 190536 44903 46490 66514 15318 5125 41490 910 0 0 6910 0 4
1647701319 3635135 190536 44909 46490 66514 15318 5125 41490 910 0 0 6910 0 4
1647701323 3635135 190536 44909 46490 66514 15318 5125 41490 910 0 0 6910 0 4
1647701983 3635135 190536 44909 46490 66514 15318 5167 41490 910 0 0 6910 0 4
1647701991 3635135 190536 44909 46490 66514 15318 5167 41490 910 0 0 6910 0 4
1647703067 3635135 190584 44909 46490 66514 15318 5167 41490 910 0 0 6910 0 4
1647703070 3635135 190584 44909 46490 66514 15318 5167 41490 910 0 0 6910 0 4
1647703674 3635135 190584 44909 46490 66514 15318 5189 41490 910 0 0 6910 0 4
1647703685 3635135 190584 44909 46490 66514 15318 5189 41490 910 0 0 6910 0 4
1647704182 3635135 190584 44909 46490 66514 15318 5202 41490 910 0 0 6910 0 4
1647705535 3635135 190584 44930 46490 66514 15318 5202 41490 910 0 0 6910 0 4
1647705540 3635135 190584 44930 46490 66514 15318 5202 41490 910 0 0 6910 0 4
1647705940 3635135 190584 44930 46490 66514 15318 5203 41490 910 0 0 6910 0 4
1647705950 3635135 190584 44930 46490 66514 15318 5203 41490 910 0 0 6910 0 4
1647707326 3635135 190584 44930 46490 66514 15318 5219 41490 910 0 0 6910 0 4
1647707381 3635135 190584 44935 46490 66514 15318 5219 41490 910 0 0 6910 0 4
1647707387 3635135 190584 44935 46490 66514 15318 5219 41490 910 0 0 6910 0 4
1647711344 3635135 190584 44935 46490 66514 15318 5245 41490 910 0 0 6910 0 4
1647711354 3635135 190584 44935 46490 66514 15318 5245 41490 910 0 0 6910 0 4
1647713192 3635135 190584 44937 46490 66514 15318 5245 41490 910 0 0 6910 0 4
1647713197 3635135 190584 44937 46490 66514 15318 5245 41490 910 0 0 6910 0 4
1647719389 3635135 190584 44963 46490 66514 15318 5245 41490 910 0 0 6910 0 4
1647826961 3635135 190584 44963 46490 66514 15318 5245 41513 910 0 0 6910 0 4
1647909847 3635135 190584 44963 46490 66514 15318 5245 41513 910 0 0 6910 0 4
1647912160 3635135 190584 44980 46490 66514 15318 5245 41513 910 0 0 6910 0 4
1647913238 3635135 190584 45112 46490 66514 15318 5245 41513 910 0 0 6910 0 4
1647919002 3635135 191177 45112 46490 66514 15318 5245 41513 910 0 0 6910 0 4
1647919006 3635135 191177 45112 46490 66514 15318 5245 41513 910 0 0 6910 0 4
1647937717 3635135 191177 45112 46490 66514 15318 5483 41513 910 0 0 6910 0 4
1647938476 3635135 191177 45965 46490 66514 15318 5483 41513 910 0 0 6910 0 4
1647938530 3635135 191177 45965 46490 66514 15318 5483 41513 910 0 0 6910 0 4
1647939939 3635135 191177 46032 46490 66514 15318 5483 41513 910 0 0 6910 0 4
1647943792 3635135 192334 46032 46490 66514 15318 5483 41513 910 0 0 6910 0 4
1647943797 3635135 192334 46032 46490 66514 15318 5483 41513 910 0 0 6910 0 4
1647945597 3635135 192334 46032 46490 66514 15318 5485 41513 910 0 0 6910 0 4
1647945609 3635135 192334 46032 46490 66514 15318 5485 41513 910 0 0 6910 0 4
1647945658 3635135 192334 46037 46490 66514 15318 5485 41513 910 0 0 6910 0 4
1647945662 3635135 192334 46037 46490 66514 15318 5485 41513 910 0 0 6910 0 4
1647946476 3635135 192334 46037 46490 66514 15318 5486 41513 910 0 0 6910 0 4
1647951435 3635135 192334 46038 46490 66514 15318 5486 41513 910 0 0 6910 0 4
1647958604 3635135 192334 46057 46490 66514 15318 5486 41513 910 0 0 6910 0 4
1647995636 3635135 192334 46088 46490 66514 15318 5486 41513 910 0 0 6910 0 4
1647996997 3635135 192334 46100 46490 66514 15318 5486 41513 910 0 0 6910 0 4
1647997330 3635135 192334 46100 46490 66514 15318 5534 41513 910 0 0 6910 0 4
1648014734 3635135 192334 46104 46490 66514 15318 5534 41513 910 0 0 6910 0 4
1648014741 3635135 192334 46104 46490 66514 15318 5534 41513 910 0 0 6910 0 4
1648026221 3635135 193459 46104 46490 66514 15318 5534 41513 910 0 0 6910 0 4
1648026226 3635135 193459 46104 46490 66514 15318 5534 41513 910 0 0 6910 0 4
1648027037 3635135 193469 46104 46490 66514 15318 5534 41513 910 0 0 6910 0 4
1648027966 3635135 193469 46162 46490 66514 15318 5534 41513 910 0 0 6910 0 4
1648027970 3635135 193469 46162 46490 66514 15318 5534 41513 910 0 0 6910 0 4
1648028481 3635135 193469 46162 46490 66514 15318 5534 42007 910 0 0 6910 0 4
1648028588 3635135 193469 46162 46490 66514 15318 5542 42007 910 0 0 6910 0 4
1648028610 3635135 193469 46162 46490 66514 15318 5542 42007 910 0 0 6910 0 4
1648029244 3635135 193471 46162 46490 66514 15318 5542 42007 910 0 0 6910 0 4
1648029249 3635135 193471 46162 46490 66514 15318 5542 42007 910 0 0 6910 0 4
1648033938 3635135 193697 46162 46490 66514 15318 5542 42007 910 0 0 6910 0 4
1648035097 3635135 193697 46162 46490 66514 15318 5848 42007 910 0 0 6910 0 4
1648036797 3635135 193697 46603 46490 66514 15318 5848 42007 910 0 0 6910 0 4
1648036841 3635135 193697 46603 46490 66514 15318 5848 42007 910 0 0 6910 0 4
1648042118 3635135 193697 47153 46490 66514 15318 5848 42007 910 0 0 6910 0 4
1648045499 3635135 193697 47189 46490 66514 15318 5848 42007 910 0 0 6910 0 4
1648050809 3635135 193697 47321 46490 66514 15318 5848 42007 910 0 0 6910 0 4
1648054773 3635135 193697 47349 46490 66514 15318 5848 42007 910 0 0 6910 0 4
1648055083 3635135 193697 47349 46490 66514 15318 8896 42007 910 0 0 6910 0 4
1648055480 3635135 193697 47349 46490 66514 15318 8896 42007 910 0 0 6910 0 4
1648056123 3635135 193697 47356 46490 66514 15318 8896 42007 910 0 0 6910 0 4
1648083169 3635135 193697 47359 46490 66514 15318 8896 42007 910 0 0 6910 0 4
1648084831 3635135 193697 47361 46490 66514 15318 8896 42007 910 0 0 6910 0 4
1648086713 3635135 193917 47361 46490 66514 15318 8896 42007 910 0 0 6910 0 4
1648086718 3635135 193917 47361 46490 66514 15318 8896 42007 910 0 0 6910 0 4
1648086985 3635135 193917 47362 46490 66514 15318 8896 42007 910 0 0 6910 0 4
1648086990 3635135 193917 47362 46490 66514 15318 8896 42007 910 0 0 6910 0 4
1648087681 3635135 193917 47362 46490 66514 15318 8937 42007 910 0 0 6910 0 4
1648088726 3635135 193917 47370 46490 66514 15318 8937 42007 910 0 0 6910 0 4
1648088731 3635135 193917 47370 46490 66514 15318 8937 42007 910 0 0 6910 0 4
1648090636 3635135 193917 47370 46490 66514 15318 8953 42007 910 0 0 6910 0 4
1648094765 3635135 193917 47384 46490 66514 15318 8953 42007 910 0 0 6910 0 4
1648094777 3635135 193917 47384 46490 66514 15318 8953 42007 910 0 0 6910 0 4
1648102039 3635135 193917 47384 46490 66514 15318 8955 42007 910 0 0 6910 0 4
1648102263 3635135 193917 47387 46490 66514 15318 8955 42007 910 0 0 6910 0 4
1648102273 3635135 193917 47387 46490 66514 15318 8955 42007 910 0 0 6910 0 4
1648103255 3635135 193917 47387 46490 66514 15318 8962 42007 910 0 0 6910 0 4
1648103262 3635135 193917 47387 46490 66514 15318 8962 42007 910 0 0 6910 0 4
1648103319 3635135 193917 47389 46490 66514 15318 8962 42007 910 0 0 6910 0 4
1648103326 3635135 193917 47389 46490 66514 15318 8962 42007 910 0 0 6910 0 4
1648107123 3635135 193917 47401 46490 66514 15318 8962 42007 910 0 0 6910 0 4
1648107376 3635135 193917 47401 46490 66514 15318 8991 42007 910 0 0 6910 0 4
1648107384 3635135 193917 47401 46490 66514 15318 8991 42007 910 0 0 6910 0 4
1648117671 3635135 194015 47401 46490 66514 15318 8991 42007 910 0 0 6910 0 4
1648117675 3635135 194015 47401 46490 66514 15318 8991 42007 910 0 0 6910 0 4
1648118140 3635135 194017 47401 46490 66514 15318 8991 42007 910 0 0 6910 0 4
1648123788 3635135 194017 47409 46490 66514 15318 8991 42007 910 0 0 6910 0 4
1648123798 3635135 194017 47409 46490 66514 15318 8991 42007 910 0 0 6910 0 4
1648130998 3635135 194017 47436 46490 66514 15318 8991 42007 910 0 0 6910 0 4
1648168783 3635135 194017 47436 46490 66514 15318 8991 42009 910 0 0 6910 0 4
1648168793 3635135 194017 47436 46490 66514 15318 8991 42009 910 0 0 6910 0 4
1648169069 3635135 194017 47436 46490 66514 15318 8991 42009 910 0 0 6910 0 4
1648169638 3635135 194017 47436 46490 66514 15318 8991 42009 910 0 0 6910 0 4
1648169647 3635135 194017 47436 46490 66514 15318 8991 42009 910 0 0 6910 0 4
1648171785 3635135 194017 47453 46490 66514 15318 8991 42009 910 0 0 6910 0 4
1648171831 3635135 194017 47453 46490 66514 15318 8991 42009 910 0 0 6910 0 4
1648194266 3635135 194472 47453 46490 66514 15318 8991 42009 910 0 0 6910 0 4
1648194270 3635135 194472 47453 46490 66514 15318 8991 42009 910 0 0 6910 0 4
1648195913 3635135 194526 47453 46490 66514 15318 8991 42009 910 0 0 6910 0 4
1648281660 3635135 195246 47453 46490 66514 15318 8991 42009 910 0 0 6910 0 4
1648535484 3635135 195246 47453 46490 66543 15318 8991 42009 910 0 0 6910 0 4
1648624868 3635135 195261 47453 46490 66543 15318 8991 42009 910 0 0 6910 0 4
1648627967 3635135 195287 47453 46490 66543 15318 8991 42009 910 0 0 6910 0 4
1648629730 3635135 195287 47453 46490 66543 15318 8991 42009 910 0 0 6910 0 4
1648632612 3635135 195308 47453 46490 66543 15318 8991 42009 910 0 0 6910 0 4
1648633322 3635135 195310 47453 46490 66543 15318 8991 42009 910 0 0 6910 0 4
1648633827 3635135 195310 47453 46490 66895 15318 8991 42009 910 0 0 6910 0 4
1648633831 3635135 195310 47453 46490 66895 15318 8991 42009 910 0 0 6910 0 4
1648638340 3635135 195310 47453 46490 67885 15318 8991 42009 910 0 0 6910 0 4
1648797043 3635135 195310 47453 46490 67885 15318 10311 42009 910 0 0 6910 0 4
1648804160 3635135 195310 47453 46490 67885 15318 10322 42009 910 0 0 6910 0 4
1648814993 3635135 195310 47453 46490 67885 15318 10346 42009 910 0 0 6910 0 4
1648864618 3635135 195310 47453 46490 67885 15318 10350 42009 910 0 0 6910 0 4
1648865049 3635135 195321 47453 46490 67885 15318 10350 42009 910 0 0 6910 0 4
1648865053 3635135 195321 47453 46490 67885 15318 10350 42009 910 0 0 6910 0 4
1648865841 3635135 195325 47453 46490 67885 15318 10350 42009 910 0 0 6910 0 4
1648888406 3635135 195325 47453 46490 67960 15318 10350 42009 910 0 0 6910 0 4
1648889296 3635135 195325 47453 46490 75300 15318 10350 42009 910 0 0 6910 0 4
1649212237 3635135 195325 47453 46490 75300 15318 10352 42009 910 0 0 6910 0 4
1649320324 3635135 195325 47453 46490 75305 15318 10352 42009 910 0 0 6910 0 4
1649323122 3635135 195351 47453 46490 75305 15318 10352 42009 910 0 0 6910 0 4
1649323126 3635135 195351 47453 46490 75305 15318 10352 42009 910 0 0 6910 0 4
1649406822 3635135 198623 47453 46490 75305 15318 10352 42009 910 0 0 6910 0 4
1649760859 3635135 198623 47453 46490 75305 15318 10352 42009 910 0 6549 6910 0 4
1649760952 3635135 198623 47453 46490 75305 15318 10352 42009 910 0 6549 6910 0 4
1649926924 3635135 198623 47453 46490 75307 15318 10352 42009 910 0 6549 6910 0 4
1649927055 3635135 198623 47453 46490 75307 15318 10352 42009 910 0 6549 6910 0 4
1649927120 3635135 198623 47453 46490 75307 15318 10352 42009 910 0 6549 6910 0 4
1650084215 3635135 198623 47453 46490 75307 15318 10352 42009 910 0 18422 6910 0 4
1650336974 3635135 198623 47453 46490 75307 15318 10352 42009 910 0 28949 6910 0 4
1650347979 3635135 198623 47453 46490 75307 15318 10352 42009 910 0 28949 6910 0 4
1650420851 3635135 198623 47767 46490 75307 15318 10352 42009 910 0 28949 6910 0 4
1650421303 3635135 198623 47767 46490 75307 15318 10352 42009 910 0 28949 6910 0 4
1650421381 3635135 198623 47767 46490 75307 15318 10352 42009 910 0 28949 6910 0 4
1650439845 3635135 198623 47991 46490 75307 15318 10352 42009 910 0 28949 6910 0 4
1650451026 3635135 198623 48287 46490 75307 15318 10352 42009 910 0 28949 6910 0 4
1650541121 3635135 198623 48287 46490 75307 15318 10352 42009 910 0 29005 6910 0 4
1650589369 3635135 198623 48794 46490 75307 15318 10352 42009 910 0 29005 6910 0 4
1650591074 3635135 198623 48794 46490 75307 15318 10352 42009 910 0 29005 6910 0 4
1650782431 3635135 198623 48794 46490 75307 15318 10352 42009 910 0 29331 6910 0 4
1650854995 3635135 198623 48794 46490 75307 15318 10352 42009 910 0 29331 6910 697 4
1650856393 3635135 198623 48794 46490 75307 15318 10352 42009 910 0 29331 6910 1682 4
1650876941 3635135 198623 48794 46490 75307 15318 10352 42009 910 0 29349 6910 1682 4
1650877013 3635135 198623 48794 46490 75307 15318 10352 42009 910 0 29349 6910 1682 4
1650938918 3635135 198623 48794 46490 75307 15318 10352 42009 910 0 29349 6910 1703 4
1650938936 3635135 198623 48794 46490 75307 15318 10352 42009 910 0 29349 6910 1703 4
1650965591 3635135 198623 48794 46490 75307 15318 10352 42009 910 0 29349 6910 1703 4
1651045751 3638581 198623 48794 46490 75307 15318 10352 42009 910 0 29349 6910 1703 4
1651045758 3638581 198623 48794 46490 75307 15318 10352 42009 910 0 29349 6910 1703 4
1651047884 3642688 198623 48794 46490 75307 15318 10352 42009 910 0 29349 6910 1703 4
1651136444 3642688 198623 48794 46490 75307 15318 10352 42009 910 0 29423 6910 1703 4
1651136457 3642688 198623 48794 46490 75307 15318 10352 42009 910 0 29423 6910 1703 4
1651730923 3642688 198623 48854 46490 75307 15318 10352 42009 910 0 29423 6910 1703 4
1651730998 3642688 198623 48854 46490 75307 15318 10352 42009 910 0 29423 6910 1703 4
1651734632 3642688 198623 48857 46490 75307 15318 10352 42009 910 0 29423 6910 1703 4
1651900075 3642688 198623 49558 46490 75307 15318 10352 42009 910 0 29423 6910 1703 4
1651900449 3642688 198623 49559 46490 75307 15318 10352 42009 910 0 29423 6910 1703 4
1651900466 3642688 198623 49559 46490 75307 15318 10352 42009 910 0 29423 6910 1703 4
1652059356 3642688 198623 49559 46490 75308 15318 10352 42009 910 0 29423 6910 1703 4
1652059402 3642688 198623 49559 46490 75308 15318 10352 42009 910 0 29423 6910 1703 4
1652061883 3642688 198623 49559 46490 75311 15318 10352 42009 910 0 29423 6910 1703 4
1652680956 3642688 198623 49575 46490 75311 15318 10352 42009 910 0 29423 6910 1703 4
1652680977 3642688 198623 49575 46490 75311 15318 10352 42009 910 0 29423 6910 1703 4
1652681039 3642688 198623 49635 46490 75311 15318 10352 42009 910 0 29423 6910 1703 4
1652681043 3642688 198623 49635 46490 75311 15318 10352 42009 910 0 29423 6910 1703 4
1652683139 3642688 198623 49635 46490 75613 15318 10352 42009 910 0 29423 6910 1703 4
1652683226 3642688 198623 49635 46490 75613 15318 10352 42009 910 0 29423 6910 1703 4
1652864332 3642688 198623 49637 46490 75613 15318 10352 42009 910 0 29423 6910 1703 4
1652864404 3642688 198623 49637 46490 75613 15318 10352 42009 910 0 29423 6910 1703 4
1652864459 3642688 198623 49637 46490 77434 15318 10352 42009 910 0 29423 6910 1703 4
1652864466 3642688 198623 49637 46490 77434 15318 10352 42009 910 0 29423 6910 1703 4
1652864572 3642688 198623 49637 46490 77442 15318 10352 42009 910 0 29423 6910 1703 4
1652942983 3642688 198623 49637 46490 77452 15318 10352 42009 910 0 29423 6910 1703 4
1653614900 3642688 198623 49637 46490 77456 15318 10352 42009 910 0 29423 6910 1703 4
1653903327 3642688 198623 49637 46490 77456 15318 10352 42009 910 148 29423 6910 1703 4
1653903415 3642688 198623 49637 46490 77456 15318 10352 42009 910 148 29423 6910 1703 4
1653957827 3642688 198623 49637 46490 77600 15318 10352 42009 910 148 29423 6910 1703 4
1653957832 3642688 198623 49637 46490 77600 15318 10352 42009 910 148 29423 6910 1703 4
1653960946 3642688 198623 49637 46490 77600 15318 10352 42009 910 163 29423 6910 1703 4
1653960950 3642688 198623 49637 46490 77600 15318 10352 42009 910 163 29423 6910 1703 4
1653968451 3642688 198623 49637 46490 77600 15318 10352 42009 910 241 29423 6910 1703 4
1653978295 3642688 198623 49637 46490 77600 15318 10352 42009 910 258 29423 6910 1703 4
1653990105 3642688 198623 49637 46490 77600 15318 10352 42009 910 473 29423 6910 1703 4
1654134626 3642688 198623 49637 46490 77600 15318 10352 42009 910 476 29423 6910 1703 4
1654164373 3642688 198623 49637 46490 77600 15318 10352 42009 910 525 29423 6910 1703 4
1654482215 3642688 198623 49637 46490 77600 15318 10352 42009 910 525 29423 6910 1703 4
1654482222 3642688 198623 49637 46490 77600 15318 10352 42009 910 525 29423 6910 1703 4
1654590758 3642688 198623 49637 46490 77600 15318 10352 42009 910 529 29423 6910 1703 4
1654590762 3642688 198623 49637 46490 77600 15318 10352 42009 910 529 29423 6910 1703 4
1654592206 3642688 198623 49637 46490 77600 15318 10352 42009 910 539 29423 6910 1703 4
1654739400 3642688 198623 49637 46490 77633 15318 10352 42009 910 539 29423 6910 1703 4
1654739408 3642688 198623 49637 46490 77633 15318 10352 42009 910 539 29423 6910 1703 4
